# time=2019-03-06T13:00:00Z
lat,lon,pressure,ff,dd
36.044365,18.607077,46000.0,23.29,291
36.646217,18.915394,45600.0,23.35,294
36.582546,19.086777,43000.0,23.04,296
37.101707,15.635483,46400.0,14.28,276
37.642792,6.375918,44600.0,27.89,255
37.48526,6.251762,45100.0,27.43,255
35.803612,18.624588,45600.0,22.47,290
39.580769,-40.345291,46500.0,43.78,260
37.743999,6.261995,44500.0,28.24,254
35.832943,18.199444,43700.0,22.6,288
36.932255,6.384835,45800.0,26.1,266
36.715885,18.601475,43200.0,22.64,290
35.56102,18.213045,42700.0,21.87,289
35.656963,18.720886,46300.0,22.53,292
37.878868,6.245086,41900.0,30.09,253
38.694,-20.661268,44900.0,31.17,306
37.880142,6.273417,44000.0,29.64,252
36.794273,6.298688,45500.0,26.08,266
36.750973,6.504373,46200.0,25.62,264
36.693619,6.442256,46400.0,25.38,266
36.658878,6.521301,46100.0,24.29,269
36.577438,6.424137,46400.0,25.94,268
35.774845,18.02846,43700.0,22.99,287
35.674908,17.921101,43000.0,22.9,288
35.65543,18.128096,42200.0,22.92,288
35.618988,18.449484,44400.0,22.46,290
46.867851,1.899605,45300.0,43.7,221
36.882862,5.989988,41300.0,26.76,263
36.997799,18.033415,44100.0,23.84,284
37.041714,17.566433,41100.0,20.8,290
37.012188,17.677725,42300.0,21.85,286
36.894249,18.362328,44900.0,23.32,286
36.566654,6.478118,45100.0,25.03,266
36.590202,17.377899,45300.0,20.9,277
35.651062,19.088438,43600.0,21.75,294
54.278423,-3.979173,38300.0,35.61,206
53.752048,-6.037077,46300.0,25.3,203
53.656292,-5.081389,39100.0,28.74,203
53.673515,-5.857942,40100.0,27.78,203
52.812813,-6.385513,39500.0,28.66,204
48.149315,50.792854,38600.0,39.5,240
35.542633,19.391373,46000.0,24.4,297
35.553177,19.441473,42900.0,24.45,300
35.570591,19.546268,43100.0,24.63,299
35.479122,18.998896,41900.0,22.91,296
35.904911,19.580608,46200.0,24.53,297
36.34206,6.873922,45300.0,26.17,266
53.809788,-4.890898,38100.0,31.81,201
53.190571,-6.476363,38100.0,26.96,201
53.321289,-6.088819,40100.0,27.33,203
53.862213,-2.959099,42900.0,35.59,203
47.822109,50.596123,38100.0,41.41,240
35.976902,18.353086,43200.0,23.95,294
35.512947,19.051105,39300.0,22.23,298
35.551788,19.295465,40500.0,23.95,299
52.909214,-5.232617,44800.0,28.34,205
53.439083,-6.303924,43400.0,27.06,202
53.139847,-6.448206,39500.0,28.82,199
43.796463,28.525564,41600.0,45.64,288
47.092632,50.111488,38200.0,34.41,242
54.318108,-4.567862,37900.0,32.34,208
53.093624,-5.71901,42100.0,28.26,209
52.607861,-6.567221,40000.0,27.9,199
47.677814,38.974239,39100.0,75.1,234
37.47448,15.678901,45400.0,14.96,269
42.849476,-22.177231,42600.0,123.84,318
40.3531,-39.441849,41800.0,49.06,270
39.092876,-39.140625,45900.0,37.44,266
54.111668,-5.314254,38900.0,29.25,205
36.129044,19.728344,43600.0,24.52,298
38.219666,-38.668674,40600.0,36.95,286
57.897129,-6.690585,38000.0,9.9,184
44.240883,28.008471,40100.0,33.48,274
40.198792,-39.837528,42200.0,40.25,258
39.092739,-39.320087,45300.0,38.56,266
43.135456,-21.813612,38900.0,123.29,319
40.116989,-40.11232,46000.0,40.02,258
35.593967,18.516161,40200.0,23.87,291
53.72015,-5.42217,39900.0,28.08,203
37.01432,16.111414,38400.0,14.54,270
36.526382,20.969433,43300.0,29.61,306
58.098,-6.89801,39200.0,11.81,188
54.410889,-3.66034,39200.0,34.15,203
43.305664,-22.405148,38800.0,124.1,318
38.597836,-39.080059,44100.0,32.37,284
37.402832,16.074877,40900.0,13.38,274
36.97187,19.162363,42000.0,22.36,289
36.511497,20.260437,42100.0,23.62,301
36.644604,20.60898,43500.0,27.42,302
36.146008,20.111101,43600.0,23.81,299
36.550335,20.559311,37700.0,28.31,301
38.867279,-39.476879,44400.0,38.68,273
53.835083,-2.977767,43200.0,33.1,206
48.016209,-38.935608,41800.0,108.2,266
38.950417,-39.725178,45000.0,38.17,271
36.936001,18.983822,44200.0,22.15,289
57.4039,-7.700568,39600.0,16.54,173
53.19318,-6.214156,41300.0,27.47,203
48.205414,39.74828,39400.0,84.03,235
36.59922,38.34132,39900.0,31.15,309
52.869846,-5.81591,40900.0,28.68,206
40.408455,-24.755562,40700.0,67.64,312
54.440063,-2.162364,41300.0,45.76,203
50.910736,2.6176,38200.0,62.65,215
47.631153,31.788305,42000.0,21.89,273
47.469597,31.706421,41700.0,24.82,271
44.159546,-10.002416,46000.0,35.37,307
48.208889,40.038383,40200.0,73.24,237
48.00267,39.229744,39100.0,83.51,235
36.945107,35.039345,39300.0,42.23,285
37.580509,-4.296576,44000.0,69.54,226
57.21162,-8.117403,39400.0,12.67,167
54.162079,-3.181309,42900.0,34.5,203
53.498508,-4.254034,43800.0,33.06,208
43.107033,34.175854,41500.0,42.49,258
42.098324,-37.116753,39300.0,68.42,276
42.457176,-38.204559,43600.0,69.3,275
36.907528,15.797792,38000.0,14.58,272
55.764881,-30.070932,43300.0,23.02,244
54.53442,-28.529991,45600.0,23.46,250
54.60981,-28.635942,43800.0,24.2,253
47.552967,-39.418812,39400.0,127.91,268
41.654972,4.881574,38500.0,46.65,227
40.468967,-40.083584,42700.0,49.27,268
38.990475,-40.143627,43600.0,40.11,272
54.706642,-4.150758,42900.0,33.28,208
53.840252,-4.121247,42100.0,33.58,202
53.608593,-4.266724,43200.0,32.04,207
53.643661,-2.281418,45800.0,43.64,203
46.78009,31.155741,39600.0,22.8,270
43.264832,34.501526,42200.0,48.25,249
40.465748,30.812292,44600.0,67.61,282
38.368366,-15.48301,46400.0,78.57,311
39.027718,-40.682232,44000.0,41.9,260
36.870762,19.11307,40000.0,23.29,292
53.791153,-4.507124,39800.0,33.24,201
53.928562,-3.648133,42700.0,35.33,202
53.530415,-4.464643,40200.0,31.2,204
53.544529,-4.672817,39200.0,32.66,201
53.451805,-2.727465,45900.0,39.52,203
48.436207,-8.302028,41300.0,32.92,229
47.366642,31.625147,39000.0,22.64,271
47.170643,38.830357,37800.0,66.76,234
44.366787,-4.381647,39200.0,48.47,210
39.250404,-40.549995,42700.0,42.7,261
35.886738,18.231979,42500.0,25.17,282
35.727337,18.759476,44900.0,24.57,297
57.099842,-3.693162,45900.0,18.64,177
57.356884,-0.012531,40300.0,26.24,205
54.264153,-3.839689,39500.0,32.73,205
46.540112,30.712391,40800.0,23.93,263
36.375984,20.023743,43400.0,24.15,299
57.174698,-3.699046,45600.0,21.13,182
57.309189,-3.019492,42800.0,24.59,177
56.845772,-3.904687,46300.0,16.36,181
56.825073,-3.826532,46400.0,16.82,179
57.290756,-0.641253,41100.0,27.6,199
53.670235,-5.947529,42100.0,27.16,202
53.656437,-4.135197,42400.0,30.67,208
53.461216,-4.418401,43700.0,33.02,205
52.935776,-6.626842,40100.0,28.03,197
53.881592,-2.382511,44400.0,43.57,202
53.534157,-2.472311,45100.0,41.97,203
47.418659,31.573177,42000.0,25.31,268
44.536938,-10.167121,43500.0,28.36,307
47.642849,38.637405,39100.0,78.95,236
47.286938,38.028557,39400.0,76.32,233
46.584808,-4.647131,39400.0,58.21,197
47.819939,-6.59173,38000.0,43.37,203
48.574955,46.386993,38400.0,63.19,237
42.814575,33.916317,41400.0,49.7,254
39.794571,-39.167053,39400.0,44.26,270
37.586597,-4.196008,44100.0,70.36,229
55.12207,-28.053328,42000.0,21.49,252
53.724976,-3.897825,43100.0,30.92,209
47.376652,31.492632,42700.0,25.38,266
40.5858,30.613445,41500.0,68.6,281
40.488453,-39.938503,41700.0,48.52,271
37.107628,19.114082,38800.0,21.45,290
38.84552,-39.64666,45700.0,35.95,269
36.284622,20.21804,44000.0,24.25,299
57.467793,-0.699937,39500.0,26.8,194
57.235916,-3.239357,44000.0,19.97,175
52.452797,-5.725064,40600.0,30.06,210
43.993275,-22.289091,38100.0,124.93,318
43.357365,31.722399,45100.0,27.52,291
37.154915,19.134937,39000.0,21.09,290
36.939617,15.581059,43800.0,15.29,269
36.527657,18.9748,45600.0,24.6,291
57.258183,-6.625646,44000.0,16.63,175
56.106327,-29.666742,42700.0,22.55,254
53.608181,-4.380956,41700.0,31.07,206
54.123604,-27.807543,45400.0,25.84,256
52.538376,-6.242584,39600.0,28.41,204
48.796078,0.74124,37700.0,57.66,212
46.991413,30.8983,43900.0,24.27,258
44.481045,-9.6939,45500.0,34.72,311
48.163715,0.794045,41600.0,62.12,212
47.854202,40.996441,40300.0,68.97,237
43.258263,35.744473,42800.0,41.48,253
43.736805,-4.619797,37700.0,61.34,202
54.680939,-4.53721,42000.0,30.74,208
53.460629,-4.886426,43500.0,32.21,202
52.670025,-3.748199,45500.0,36.26,207
47.133873,31.622005,38900.0,22.93,271
46.479366,30.631004,44100.0,23.9,263
46.259026,-5.784634,37800.0,58.25,196
43.261215,31.736879,45200.0,26.97,296
38.67205,-4.090967,42500.0,75.76,228
37.030434,33.196735,38600.0,34.44,286
53.791096,-4.817758,38200.0,32.98,200
53.685001,-5.114874,38300.0,28.99,203
53.090206,-6.236403,40400.0,26.97,202
52.941093,-6.150373,39900.0,28.98,205
52.362606,-0.427488,40000.0,81.24,208
43.423634,-22.280035,40500.0,124.69,318
47.556458,41.892197,39900.0,52.2,235
48.016033,39.00507,44300.0,82.82,236
47.871468,39.045815,42400.0,83.86,235
48.080391,-39.18856,41200.0,109.9,266
43.253651,-7.863669,43600.0,44.05,291
43.430977,34.548138,41400.0,49.51,248
42.986244,35.382362,42100.0,45.42,251
42.989914,35.427048,44200.0,45.92,251
40.597668,30.649696,39800.0,69.09,279
40.516434,30.21221,43000.0,69.07,281
38.753838,-41.538525,39000.0,35.87,260
56.997173,1.452644,40000.0,33.8,215
52.785896,-6.581881,38900.0,27.6,198
53.476925,-4.695671,42700.0,34.16,204
43.5471,-8.058032,44100.0,41.45,285
43.610577,31.888676,45100.0,27.4,288
42.937851,34.552296,43100.0,45.63,250
38.572643,-15.718235,41100.0,78.05,310
37.929268,6.480365,42700.0,30.48,252
38.537357,-39.543442,40000.0,36.07,273
37.040043,15.986891,40500.0,14.75,272
36.461811,21.034451,43600.0,28.79,309
37.766029,-41.187572,39400.0,37.5,270
57.461796,-2.686051,40600.0,25.87,175
57.387535,-2.90448,42700.0,21.82,176
57.075882,-3.337693,45600.0,18.15,176
54.363419,-27.373787,40400.0,22.52,250
52.604916,-6.634836,40500.0,26.58,199
52.269867,-0.468921,40700.0,79.78,206
44.502125,-10.121733,43100.0,31.61,307
44.127316,-9.535113,43500.0,34.41,309
44.060303,-9.281844,45600.0,33.11,310
47.493431,38.489273,39800.0,78.25,233
43.690418,35.08717,42800.0,44.24,250
37.596867,6.178187,43100.0,29.01,255
36.659515,18.731031,45600.0,22.6,288
36.880558,6.036653,45200.0,27.09,264
35.116013,18.134184,38000.0,23.3,291
35.42675,19.871881,40700.0,23.16,296
56.934502,1.219759,44900.0,35.46,213
53.646843,-5.036938,39900.0,29.91,202
52.330521,-6.033981,40100.0,29.62,213
52.054966,-6.232332,41500.0,28.53,204
52.041904,-6.165515,45600.0,30.65,207
48.061268,32.021137,44500.0,27.76,280
48.292713,30.760836,44100.0,22.85,291
48.288921,30.949682,44700.0,24.15,283
48.504574,0.911929,40200.0,63.59,212
44.314743,-24.090313,37700.0,128.74,313
44.440773,-9.020782,46200.0,35.47,312
43.495945,34.652622,40400.0,45.14,249
42.209312,-38.145203,38600.0,67.66,275
39.572166,-39.438667,45500.0,34.34,268
39.624077,-39.195045,43000.0,38.23,276
39.083656,-41.615486,39700.0,42.05,258
38.973351,-40.800091,41100.0,42.08,267
38.953743,-41.59745,39400.0,38.35,260
38.762905,-40.571461,41900.0,39.31,269
55.461784,-28.669752,42600.0,21.05,255
53.70665,-5.216729,38600.0,31.25,200
54.448635,-2.321606,39000.0,47.15,204
54.180473,-27.205618,40200.0,23.27,250
53.673855,-27.356472,46000.0,31.71,265
52.078224,-6.5271,46400.0,26.87,199
48.927845,-7.797144,44200.0,34.66,225
47.66803,29.772699,38300.0,19.43,259
44.387112,-10.009168,42700.0,27.97,307
44.425697,-9.940674,44000.0,32.57,307
43.210403,-7.961348,45000.0,42.6,286
46.368843,-2.394563,38800.0,79.17,202
43.193748,-7.916971,43200.0,44.66,290
43.214531,-7.875078,44800.0,44.21,290
45.068382,-4.273948,39400.0,49.85,203
45.986588,39.241219,39500.0,43.62,233
40.46777,-24.757549,41300.0,59.01,311
40.834827,31.149435,41600.0,65.44,281
40.54491,31.002701,43500.0,65.95,282
38.994968,-41.494785,38300.0,39.86,262
38.04459,-41.065395,38100.0,37.95,265
57.274799,1.779529,38800.0,36.5,219
52.657852,-6.674164,41100.0,28.07,203
53.321781,-2.267276,46400.0,42.3,204
52.546673,-6.693627,40900.0,26.41,198
52.784264,-5.636632,46500.0,31.72,210
48.073868,31.818066,44200.0,26.91,279
48.179253,40.455902,41900.0,83.84,238
44.694431,-28.324745,40700.0,80.72,299
43.715485,31.515583,46300.0,23.57,286
43.649864,31.678522,45500.0,27.36,289
43.662846,31.618788,45200.0,25.66,292
43.604477,31.635685,44500.0,27.95,296
43.412247,33.241856,40500.0,33.88,273
43.677723,33.183521,38400.0,32.98,270
43.23473,33.625557,40400.0,37.3,271
42.735435,33.532894,41100.0,41.32,264
43.358135,33.430683,42500.0,36.11,270
40.665867,30.2665,39800.0,69.92,280
39.437405,36.658184,38500.0,42.22,271
39.346527,-42.029976,39100.0,45.39,261
36.670002,6.379596,45700.0,26.72,266
37.546425,38.743629,39600.0,30.75,298
57.352169,-1.55971,40300.0,24.17,190
55.212803,-28.258833,42700.0,23.15,259
55.327751,-28.753038,42100.0,22.27,251
52.588032,-6.905893,44400.0,24.92,205
52.581898,-6.934886,44500.0,24.9,202
52.536377,-6.150754,39600.0,29.63,208
52.457527,-24.310904,44800.0,33.54,284
52.647308,-0.390749,39800.0,83.38,208
48.168903,29.141636,45900.0,15.72,310
48.339794,31.189953,45500.0,24.04,284
47.562119,30.650169,40000.0,25.92,265
45.516846,-9.281139,44400.0,30.76,317
45.184837,-9.416117,44900.0,33.9,313
44.78566,-10.254941,40800.0,27.28,308
47.165741,-2.886274,37800.0,76.48,201
47.396702,41.647102,38000.0,51.49,240
44.604439,-10.256244,46100.0,33.14,306
43.752377,28.41441,41700.0,46.66,287
43.599709,35.464066,42300.0,43.06,251
43.007202,35.042286,42600.0,44.79,251
43.137386,35.790131,42600.0,42.23,247
41.302845,-43.636311,39900.0,62.43,255
40.35379,-40.344707,39200.0,47.34,266
37.160351,19.181131,38200.0,21.51,294
39.711086,-40.78746,40900.0,44.64,262
38.552597,-38.852055,44900.0,35.97,283
54.526321,-4.247345,42000.0,30.99,210
54.006409,-2.352823,42400.0,46.72,203
52.448097,-6.687052,40900.0,26.02,198
52.122486,-6.166914,43700.0,29.46,211
52.347202,-0.801899,39300.0,87.69,207
48.218407,31.199547,45100.0,25.4,278
48.138912,31.513475,44900.0,25.94,278
49.266487,-6.303476,45200.0,49.45,217
48.172325,29.329803,46300.0,15.66,304
48.005951,31.074898,43700.0,21.19,278
47.512955,37.834091,40000.0,74.86,236
43.977921,-8.39421,46400.0,39.89,289
43.67231,31.707729,44800.0,27.22,283
43.432167,27.607607,44700.0,40.53,294
42.527782,28.470203,43000.0,52.11,288
43.807312,36.041458,41400.0,43.43,245
44.069798,36.168293,39100.0,41.86,245
41.911366,-37.091591,39500.0,72.76,279
37.766102,-41.098866,41200.0,38.0,270
56.559677,-28.721447,38300.0,27.27,278
53.819359,-4.908276,38000.0,32.54,202
55.067207,-28.32016,40600.0,22.23,250
54.812645,-29.081522,45000.0,22.09,246
52.551079,-6.743954,40800.0,25.8,203
53.519314,-2.271862,45900.0,43.6,205
52.584808,-6.448481,38500.0,27.47,199
52.470314,-6.916709,44600.0,24.77,200
52.168125,-6.444258,41400.0,28.21,198
52.159607,-6.166277,41000.0,29.62,212
48.136879,29.814907,43000.0,17.91,290
47.543709,30.711575,41400.0,25.54,265
45.733265,-9.568296,44400.0,31.01,316
45.702477,-9.303403,46000.0,30.16,318
44.923904,-10.455924,38300.0,35.5,315
44.990555,-10.448534,39400.0,29.52,310
47.40731,40.44495,39800.0,73.12,235
44.175964,-9.366753,45000.0,34.43,311
46.047802,-2.29372,38000.0,83.34,203
44.50388,-4.389235,39100.0,55.73,201
44.108459,27.905014,39900.0,37.93,273
43.367115,-5.205593,37700.0,75.08,198
40.582649,30.60446,40600.0,69.46,278
38.37431,-15.911191,40300.0,78.98,310
38.379436,-15.903166,40700.0,79.49,310
38.11446,-15.819736,39700.0,77.0,310
37.921249,-15.676177,41800.0,76.61,310
37.654297,-15.616773,39000.0,77.28,311
37.187428,19.193777,37900.0,21.65,292
37.721027,6.325205,44500.0,27.93,256
37.881508,-4.360222,45500.0,69.04,227
39.095882,-41.766563,40900.0,43.66,259
38.004028,-4.105274,44100.0,70.29,225
39.057442,-41.633251,38100.0,40.5,256
36.969391,34.972038,41000.0,41.52,287
54.024624,-3.705252,41300.0,33.86,204
54.077602,-3.87597,40200.0,33.54,205
52.726559,-6.410911,39800.0,26.23,203
53.925568,-2.04231,43800.0,45.83,205
48.740799,-9.035659,42400.0,32.83,237
49.345165,-6.384665,45800.0,49.28,217
49.310043,-35.695599,38300.0,126.69,271
46.12775,26.860416,42800.0,27.28,313
48.849915,46.432701,38000.0,62.28,238
46.127869,26.860125,42800.0,26.95,313
47.666386,39.893387,40300.0,80.61,236
45.821297,28.802153,38300.0,32.65,253
43.597713,-22.812569,39400.0,125.7,317
43.320351,-7.761549,45400.0,44.63,294
44.24984,27.998903,39900.0,35.3,269
43.626064,31.656723,44900.0,27.58,297
43.970871,36.948879,42500.0,38.12,248
43.421875,34.118645,39800.0,39.43,265
42.122601,-36.625362,38300.0,65.25,274
38.258495,-39.579422,39900.0,35.9,279
36.738239,21.100477,38900.0,29.22,308
36.739429,34.710075,38400.0,42.95,283
36.71442,34.786201,39700.0,43.94,283
57.419392,-2.330364,40700.0,24.56,172
58.625065,-34.112724,37800.0,20.04,198
57.231709,0.092227,45700.0,27.1,205
56.645454,-8.08737,37900.0,11.23,167
57.015511,1.63871,45500.0,42.67,216
57.07991,-30.600578,40100.0,19.64,253
54.952694,-27.936869,41300.0,22.33,252
54.623707,-27.348806,41400.0,22.8,257
53.844101,-4.201418,41700.0,32.19,204
54.684258,-27.915413,40700.0,22.61,249
53.954933,-2.542232,42700.0,45.79,203
52.18359,-23.821251,45800.0,35.45,295
49.517429,-35.625759,37900.0,133.42,272
45.961342,-9.519593,42900.0,21.52,303
45.981247,-9.247397,44900.0,23.76,312
47.215034,-2.851489,37800.0,66.07,201
46.127792,26.894297,42900.0,26.74,314
43.932251,-22.275591,39700.0,126.85,319
46.497276,-2.531258,38500.0,76.57,203
47.088932,39.860172,38200.0,71.39,234
43.37693,-5.306222,38700.0,71.97,197
44.246407,37.000099,39200.0,39.16,248
43.191711,35.640312,42400.0,40.51,253
42.736435,-4.850394,37900.0,69.41,201
42.940716,35.765373,41200.0,45.49,247
41.15144,42.109093,39100.0,27.65,257
39.940449,37.942425,40000.0,37.38,270
39.721275,-39.451279,43400.0,40.6,266
37.773464,6.136741,40000.0,30.54,249
38.767303,-39.065235,44500.0,35.43,271
37.720612,-4.501721,44900.0,68.86,227
38.905392,-41.875423,45200.0,41.85,262
38.885979,-41.371643,39900.0,38.35,262
35.977657,-10.640141,38600.0,53.88,302
36.903603,34.826511,41200.0,39.8,288
36.40416,-5.427728,45300.0,55.7,232
57.340073,0.450663,37700.0,27.99,205
53.556675,-3.492255,44700.0,36.61,204
52.341656,-23.720623,46300.0,35.02,295
52.459137,-24.017551,44000.0,36.13,298
49.287521,-7.380692,45900.0,35.72,231
48.370548,-7.862539,40400.0,33.76,226
48.560146,-9.229525,40800.0,34.01,238
48.435841,-7.752421,40400.0,34.0,226
49.275051,-6.513664,45000.0,48.92,218
48.264629,41.865383,41000.0,65.28,244
45.694111,28.202583,41500.0,29.26,264
44.200111,-23.938782,39200.0,120.62,312
46.308983,49.078281,41600.0,35.98,241
42.570896,28.401485,45500.0,47.73,287
43.826374,36.961067,43000.0,33.39,253
42.118118,-35.481728,41100.0,66.92,282
38.273632,-16.023481,38500.0,78.39,310
39.316204,-42.177208,39400.0,53.31,256
38.437885,-38.797234,45500.0,34.12,285
36.012184,-10.716251,39500.0,55.99,301
36.017937,-10.755206,41100.0,53.61,303
36.772774,34.480309,38200.0,40.63,286
36.570515,34.532078,39000.0,41.61,283
36.380531,38.02174,40800.0,30.7,303
57.823971,-7.638269,41400.0,14.64,180
52.569954,-6.642266,39900.0,26.93,196
53.639118,-26.093452,40300.0,31.39,273
52.281891,-6.450902,40100.0,28.68,195
52.634724,-6.014931,40900.0,28.44,206
52.049095,-23.910631,46000.0,34.27,297
52.322502,-6.803998,45000.0,25.76,198
48.910389,-7.465244,40100.0,34.6,223
47.905293,30.936071,41100.0,20.95,277
48.517242,-39.272537,40800.0,129.94,268
47.771393,-35.838531,41800.0,124.34,276
47.418793,38.219498,38700.0,80.22,235
47.147278,39.367634,38800.0,72.98,235
44.930283,-4.61451,38600.0,54.5,199
44.690804,-4.908829,42700.0,50.91,207
44.024696,-5.193989,38400.0,55.94,204
43.862633,-4.81614,38300.0,53.24,205
43.175735,-7.914547,43800.0,46.31,298
42.195454,33.883533,41000.0,48.1,251
42.09869,33.864231,40900.0,48.17,266
39.893375,-43.458195,38700.0,57.06,258
39.290958,-40.696804,39300.0,43.95,261
39.040672,-41.6786,38100.0,42.37,258
36.833412,18.228926,44400.0,21.58,287
37.639183,-4.398857,45100.0,70.41,227
36.049644,-10.801899,39600.0,54.87,301
37.516903,36.273026,44600.0,31.41,288
37.408165,36.130692,45400.0,30.24,290
35.557178,18.083269,39500.0,24.18,290
36.761787,38.327869,46100.0,30.5,308
56.725071,-3.692492,46200.0,17.22,176
53.493099,-3.936038,43800.0,36.09,205
53.900455,-0.490963,38900.0,85.76,209
52.146603,-6.119629,43700.0,30.11,212
51.170601,-0.957721,37700.0,75.06,205
50.271984,-2.166754,41900.0,83.96,204
48.417229,33.123108,43300.0,28.73,287
46.582863,-6.382161,37700.0,51.67,191
45.089779,27.657791,43500.0,29.23,286
43.680584,31.701067,44900.0,24.88,289
43.797581,31.892492,42300.0,25.83,279
42.63583,28.988903,43100.0,52.99,283
43.635963,34.105644,39300.0,35.93,269
42.576565,28.93539,43300.0,57.29,284
43.893085,37.599319,43300.0,33.55,259
42.483238,28.724304,43500.0,55.89,285
42.6782,33.037624,40200.0,37.24,270
42.787457,-36.191799,44300.0,73.33,284
40.968712,-25.097321,41200.0,91.57,315
41.924358,-37.268486,43500.0,70.13,277
40.436214,-24.648214,41600.0,58.08,304
40.583023,30.058033,38300.0,69.26,282
40.511421,-39.801716,44700.0,52.68,270
39.524883,-39.258446,43700.0,36.37,273
39.792953,-43.647331,40400.0,56.55,258
39.792469,-43.329773,40900.0,50.47,265
39.850052,-43.120064,38400.0,50.31,265
39.193687,-39.118202,45600.0,34.67,277
39.67429,-43.718636,45300.0,56.03,257
37.155903,18.237476,39300.0,21.91,288
37.136845,18.482342,41700.0,19.35,292
38.441025,-38.939606,43300.0,37.07,286
36.081913,-10.805409,39200.0,55.35,300
36.717072,18.052082,45000.0,23.61,283
35.700386,-6.333972,45900.0,52.23,240
36.299911,19.930571,40800.0,23.64,300
36.904205,34.991615,42500.0,40.17,288
57.348999,-1.507636,38100.0,25.88,188
57.316845,2.060052,38800.0,42.07,217
55.743153,-30.124222,43100.0,22.87,241
53.923229,-5.5138,41200.0,27.16,203
53.918858,-5.38845,39500.0,28.36,201
54.455383,-1.993944,38800.0,46.14,206
54.842594,-27.935694,40300.0,22.52,247
53.827248,-3.769797,43100.0,31.37,208
54.10051,-2.984725,43500.0,35.11,204
52.993332,18.146235,38500.0,84.05,311
53.318825,-26.824203,44500.0,30.2,274
52.445042,-5.854345,43800.0,30.72,212
52.948326,-25.567598,42100.0,33.23,283
52.161407,-6.059465,42200.0,30.96,214
52.284401,-0.987408,40700.0,82.52,205
52.449337,-25.592529,45900.0,31.86,279
52.396378,-24.573727,44000.0,38.99,279
49.267754,-6.502531,45100.0,49.03,219
49.22414,-6.226118,41500.0,50.08,216
48.090076,-9.490177,39100.0,28.86,242
47.891983,31.735878,43400.0,28.28,275
47.319141,36.986385,38500.0,71.96,237
48.112064,-39.972481,43500.0,116.82,266
44.846043,-0.005176,38500.0,62.99,211
44.073139,-5.189031,38600.0,56.2,203
44.009579,-4.460523,39000.0,52.12,208
43.830292,-4.71826,38400.0,53.25,204
42.870052,-21.951736,42000.0,122.56,318
43.539993,-4.80535,38500.0,56.37,203
44.803207,38.427448,39100.0,39.94,236
43.345184,27.982889,42500.0,43.99,290
43.439564,32.84697,43500.0,33.42,274
43.234509,31.926195,44700.0,26.19,297
42.89957,34.258797,43200.0,45.85,249
43.321529,36.321117,45700.0,38.03,249
42.012859,-4.953909,38000.0,68.01,207
38.142868,-15.961585,37800.0,75.22,310
38.215256,-15.987885,38900.0,77.68,310
39.656033,-43.33604,46500.0,49.38,264
37.989025,-3.983043,42500.0,67.27,230
39.261742,-40.751904,40800.0,43.32,261
38.533073,-39.044273,43200.0,36.66,287
38.544643,-38.906013,45000.0,33.68,286
38.540596,-40.716782,40200.0,38.53,264
37.052761,35.2616,42800.0,32.48,289
37.112396,35.402828,42700.0,31.04,291
35.613762,17.877165,40600.0,24.5,290
30.754669,-27.103245,37700.0,22.16,324
56.840408,-28.719288,37800.0,28.66,283
55.573757,-27.115091,40200.0,28.91,286
53.720181,-24.714609,41200.0,27.21,284
52.266033,-6.166267,40800.0,30.95,214
52.167576,-5.723544,44800.0,32.1,215
50.067867,-2.242478,43100.0,82.67,203
48.191364,-8.200134,40200.0,32.81,229
46.540199,-2.271221,39600.0,72.16,202
47.560219,31.197021,42600.0,25.52,263
47.554688,30.867397,42500.0,25.81,260
47.627163,-38.596764,42300.0,133.9,273
45.871601,-5.748003,39300.0,66.84,197
45.829659,-3.529012,45400.0,47.52,204
45.715801,-3.305876,43800.0,48.02,205
46.401443,33.45137,39400.0,19.65,268
45.90279,26.935495,39900.0,27.15,320
46.394341,33.448784,39500.0,19.77,267
46.419041,33.557243,38500.0,19.4,269
44.082497,-24.139034,45000.0,121.29,312
43.038578,33.107693,41500.0,36.13,271
43.539913,35.927475,43600.0,45.13,245
42.449936,34.221294,41200.0,44.64,252
42.872124,35.507843,46200.0,43.28,254
42.563862,-36.207233,45800.0,66.4,278
41.057655,-17.444693,45000.0,46.67,315
40.295898,-2.830002,38300.0,62.77,227
38.097843,-4.264938,43900.0,68.05,229
39.668018,-43.905018,44700.0,56.39,257
38.252647,-38.918938,40900.0,40.48,278
36.180962,7.887767,38900.0,21.17,275
36.192623,7.880662,38600.0,21.25,275
36.137897,7.879345,38900.0,20.99,277
36.088993,-10.628747,38900.0,54.54,301
37.021904,33.712395,43800.0,36.8,293
36.043797,7.876965,41400.0,22.67,281
36.3596,33.724514,38900.0,40.61,287
57.215275,-1.986311,38600.0,25.68,176
57.316326,-2.526209,41300.0,22.18,184
57.266685,-1.193157,40000.0,25.46,190
56.96912,2.282223,40700.0,47.61,220
56.843563,-30.665798,42300.0,21.86,253
54.44846,-2.980824,38900.0,33.96,204
56.023819,-30.317913,43000.0,23.39,248
54.15992,-4.276818,38400.0,33.95,206
54.217838,-2.854767,42200.0,45.84,203
54.167374,-2.944453,43300.0,37.23,202
54.202625,-27.708811,42400.0,23.9,254
52.365242,-1.208236,40100.0,91.42,206
52.87569,-23.697763,43800.0,44.28,298
53.045692,-26.550571,44900.0,27.08,271
52.923283,-26.069365,44000.0,31.86,280
52.11729,-5.94212,44500.0,32.89,213
51.952805,-25.244701,46400.0,31.7,276
50.257263,2.764461,37700.0,66.62,214
48.074203,29.721025,40800.0,19.96,284
48.304516,33.335964,38900.0,33.57,278
48.05138,32.201969,42500.0,30.77,281
47.632999,30.401859,38500.0,21.67,258
47.628922,30.512877,39500.0,23.27,254
45.90807,-8.906883,45200.0,27.11,307
47.572952,29.251617,38900.0,16.66,262
45.853043,-9.892547,42500.0,31.27,314
46.223457,-2.153619,38900.0,83.36,201
47.020241,30.622013,42200.0,24.85,258
47.122688,31.383245,42900.0,23.49,267
45.824997,-9.911463,39400.0,32.71,314
46.085049,-3.79361,39800.0,49.21,201
46.953987,39.654488,38400.0,70.43,233
45.644142,-9.808078,43400.0,31.78,312
44.931335,-10.176969,43600.0,32.06,308
46.042976,26.91897,38400.0,27.21,319
44.439594,-24.621952,46100.0,123.82,312
43.917446,28.044264,40900.0,37.63,266
43.437923,-4.932189,38200.0,59.74,203
41.350998,-24.109261,39100.0,106.5,317
42.008633,-4.873142,38700.0,69.12,206
43.13765,35.545601,44000.0,43.54,252
42.915855,35.959393,44600.0,39.09,250
42.90958,35.668743,45200.0,40.47,252
41.795235,-4.775093,39200.0,65.54,208
42.441025,34.525852,43400.0,43.8,252
41.017639,-17.397951,45900.0,45.72,318
40.188026,-2.967916,38700.0,71.52,227
40.932137,31.918159,40900.0,59.78,281
40.794987,30.860481,41200.0,67.72,279
41.324829,42.624718,37800.0,20.1,269
40.370476,-35.509106,44100.0,56.81,288
40.116608,-39.861168,44600.0,42.0,261
37.958904,-4.630881,46000.0,57.77,230
38.138382,-4.064557,44200.0,71.67,227
37.302437,16.361113,38100.0,13.58,274
39.736385,-44.153706,40600.0,57.58,258
38.915775,-39.121315,44700.0,36.5,265
38.453739,-39.061852,41100.0,35.25,273
38.293362,-39.0229,40400.0,35.9,276
36.163025,-11.058213,38000.0,57.21,302
36.230652,7.851095,38100.0,21.01,280
36.137863,7.879311,38800.0,21.02,277
36.107544,-10.911038,39600.0,55.36,302
36.166622,7.870871,39500.0,20.42,277
36.129593,20.305618,44500.0,23.19,301
36.595688,33.909439,37800.0,39.53,286
56.575485,-1.454553,41700.0,37.6,203
56.729229,-28.418856,38400.0,29.11,286
55.252487,3.193336,38100.0,76.22,231
54.457443,-25.540066,41800.0,28.97,284
54.364349,-4.223459,38400.0,35.48,206
54.683876,-1.084999,37700.0,52.8,215
54.331226,1.74441,38100.0,81.05,226
54.806507,-25.351763,42700.0,26.98,289
53.822388,-3.646858,43900.0,33.92,205
53.809361,-0.761472,39200.0,87.64,208
52.998093,-23.728022,43300.0,40.76,300
52.329639,-6.446012,40000.0,27.48,198
51.797195,-1.557411,38000.0,90.79,206
50.035976,-2.116927,40600.0,82.64,203
49.0825,-6.819211,41900.0,47.58,220
48.601192,-3.068727,37800.0,76.19,203
49.300171,-34.840614,38300.0,136.19,276
48.398769,-7.718824,40800.0,34.22,222
47.114109,-18.876295,44400.0,48.22,306
46.155315,26.811657,44000.0,26.01,315
46.154911,26.812048,43900.0,26.26,318
47.546165,-38.659649,41100.0,131.63,270
46.732086,28.962574,39900.0,36.13,254
47.209198,36.97208,38900.0,69.77,237
46.151375,26.86314,41000.0,27.0,315
46.334702,28.656059,40100.0,30.37,263
46.238834,33.429214,40200.0,17.04,266
46.032314,28.544241,40000.0,30.19,262
44.975605,-26.10918,41400.0,98.89,307
45.874161,27.163658,39800.0,24.2,318
44.000496,-5.727265,40400.0,49.34,209
44.660088,-25.220575,43400.0,122.12,312
43.52655,-8.437532,44400.0,35.35,286
43.257099,-8.274982,45200.0,38.47,286
43.730343,33.251976,42100.0,31.52,272
43.340298,27.594193,46500.0,35.57,305
43.950321,34.220463,39300.0,34.82,270
43.966858,35.459778,37700.0,40.97,239
44.027252,35.876911,39000.0,47.05,234
44.139389,37.568684,42700.0,33.66,258
42.702587,28.390717,42600.0,51.25,288
42.622124,28.69655,42300.0,49.07,284
44.017563,38.593102,37800.0,33.68,248
42.616657,28.593388,42500.0,51.26,288
43.454266,32.37772,46500.0,28.12,283
41.57217,-22.89827,38100.0,92.15,316
42.572765,28.761677,43200.0,52.2,286
43.477333,32.875244,46000.0,31.14,276
43.532417,33.089649,44900.0,35.59,272
43.316288,32.448765,45300.0,26.32,288
42.113323,29.307264,43400.0,49.21,281
40.893238,-17.381399,43800.0,41.69,311
40.359848,-3.371437,44800.0,59.3,232
40.982609,-25.099949,41900.0,88.48,316
40.905087,-17.371109,43900.0,43.25,314
40.997147,31.908628,40500.0,50.53,276
40.890816,31.670225,41200.0,64.23,281
40.397732,-24.4951,39400.0,54.84,301
38.686729,-3.833753,42600.0,81.1,228
39.097176,-39.695122,45900.0,36.98,269
37.010391,14.421432,41000.0,11.09,282
37.162415,15.059163,44300.0,11.26,277
36.543625,6.118804,41200.0,26.66,267
36.487019,-5.300011,45600.0,55.85,232
36.098919,-10.753469,39100.0,56.99,302
36.027203,17.528664,42900.0,23.41,286
36.138493,7.895034,38700.0,21.2,276
35.818817,18.036432,40600.0,24.76,281
37.219547,33.378014,39900.0,33.08,284
37.590042,-41.076881,40300.0,37.88,270
36.685078,33.781349,42300.0,39.47,286
35.196106,-12.134024,39400.0,48.52,301
36.163269,20.196566,43900.0,23.48,299
36.582214,33.636684,45800.0,38.49,285
36.481144,33.783882,39200.0,38.64,286
35.011524,20.114401,40100.0,23.49,293
58.817013,-3.240274,38000.0,21.71,197
57.810284,-7.513787,41300.0,17.29,175
56.922466,-3.589079,46500.0,17.49,176
54.5966,-4.45536,43600.0,29.14,210
54.138203,-4.125376,39000.0,33.84,206
54.227173,-2.80883,38700.0,43.78,206
54.289875,-2.555482,38800.0,46.68,204
55.174149,-29.021612,42300.0,22.03,245
53.604931,-1.800294,43600.0,48.92,210
53.714527,-0.87352,38500.0,100.22,206
53.213619,-3.78244,45600.0,40.0,206
53.34758,-26.561695,43800.0,30.24,276
53.161652,-25.5832,40900.0,33.6,283
53.154911,-25.578825,40900.0,34.71,279
53.112301,-25.386639,41100.0,34.3,274
52.945225,-25.339643,41200.0,36.22,278
52.925999,-25.233673,41500.0,39.72,282
52.096973,-0.534727,41000.0,78.04,206
52.474598,-25.717424,45500.0,31.18,278
49.298664,-3.467608,38800.0,83.64,205
49.071457,1.56864,40800.0,62.34,213
48.454632,-7.629328,40300.0,34.42,222
47.963772,-9.576022,38500.0,28.76,247
47.29282,-18.828575,45300.0,25.81,295
48.118504,32.584682,42000.0,31.49,280
47.824139,28.968927,41500.0,13.57,330
47.965393,38.773232,45200.0,80.06,237
47.965183,38.738838,44100.0,80.88,237
48.164684,-39.130306,40500.0,119.14,262
47.785847,-35.471741,39200.0,125.27,277
47.266365,-34.285305,45400.0,116.64,286
45.761959,-5.614657,41700.0,64.34,194
47.245861,39.263031,39200.0,78.16,234
46.119396,26.86113,41800.0,26.43,318
45.336464,-18.911968,46500.0,59.57,311
44.62888,-4.369674,39100.0,48.71,207
44.264961,-9.818717,43800.0,34.03,307
44.428986,-4.607611,40100.0,51.47,207
45.309193,27.867554,39300.0,28.89,278
44.865448,-25.719288,40700.0,96.56,310
43.74564,-5.231507,38300.0,55.8,203
44.789238,-25.625551,40500.0,110.59,311
43.801334,-4.288513,37800.0,52.19,208
44.856632,29.056524,40200.0,33.46,264
43.185047,-22.130369,38700.0,123.75,319
43.216709,-22.148983,39200.0,123.71,319
43.699131,31.623909,45900.0,24.11,291
44.652737,38.815659,41100.0,36.98,243
42.156082,32.543243,38700.0,39.51,267
42.083191,32.488159,38700.0,45.41,261
42.789101,36.132076,43500.0,32.59,258
41.809906,-4.976548,38900.0,61.42,208
41.970554,32.428318,39200.0,43.66,263
42.776627,35.918468,45600.0,37.39,247
42.138737,33.941833,40300.0,41.76,254
42.215389,34.486485,44600.0,40.5,254
41.051296,32.037811,40000.0,54.82,275
40.119179,-2.999946,38900.0,74.1,225
40.603325,30.058008,40600.0,68.63,282
38.462063,-16.007082,40900.0,79.35,310
38.685978,-3.797065,43700.0,71.01,227
37.493374,6.244138,45500.0,27.35,258
36.887775,5.908683,37700.0,27.84,261
36.984451,14.38464,41600.0,11.89,291
36.739784,14.409988,42100.0,15.17,278
36.183769,7.90714,38900.0,21.45,275
37.021759,35.244976,43700.0,30.87,291
36.954475,35.08009,41900.0,39.62,290
36.824802,33.84314,42200.0,34.67,283
36.161388,20.087914,43400.0,24.07,298
35.56432,22.429661,40300.0,26.26,311
35.195549,-12.100227,39400.0,50.14,303
35.545795,22.405512,40300.0,25.99,313
35.240292,19.972754,46500.0,22.82,295
36.162674,33.679802,40000.0,40.72,285
34.980911,19.874296,38700.0,22.45,293
30.591578,-26.872747,38200.0,16.57,331
57.932495,-3.001663,38700.0,23.31,189
56.675583,-10.663854,39800.0,11.8,209
56.995934,-1.083407,45000.0,30.99,201
55.593632,-2.706865,44200.0,29.22,207
56.77372,0.695385,44800.0,38.14,217
56.543262,-28.500753,38700.0,28.51,281
53.811058,1.255488,38300.0,81.55,218
54.752136,-25.774923,41900.0,29.26,288
54.000401,1.32161,41200.0,82.57,219
54.081314,-3.513769,41700.0,35.14,202
54.182148,1.571575,37800.0,83.18,223
54.337662,-25.283978,41200.0,27.17,287
53.817566,-24.7047,40800.0,33.01,292
52.815716,-6.125066,43100.0,26.54,202
53.686565,-24.433538,41200.0,32.2,294
52.242184,-6.297477,40800.0,29.59,210
52.520977,15.494209,40200.0,67.96,298
52.198338,-6.348903,42700.0,27.81,201
50.272243,-2.117947,39700.0,82.15,203
49.365467,-2.222647,38500.0,81.51,203
49.159397,-6.852716,42400.0,47.57,223
49.382244,-2.144548,38500.0,81.78,203
48.924877,-9.452405,41900.0,37.07,232
49.163731,-2.687446,41600.0,81.07,203
48.717182,-9.042556,41700.0,33.72,235
48.88044,-4.970082,42000.0,49.66,216
48.769615,-5.037487,39900.0,48.6,218
48.360889,-2.584769,39000.0,63.92,204
48.638172,-7.411274,39900.0,34.73,220
48.590034,-2.288973,37900.0,62.96,204
48.875809,-7.232004,39600.0,34.75,222
49.169632,-3.372399,40000.0,79.84,203
48.683632,-3.096513,41100.0,76.66,206
48.288422,-9.728422,40100.0,29.44,245
48.8717,-2.156947,37800.0,66.27,204
47.148811,-6.482012,39400.0,45.69,204
47.025555,-6.938933,46100.0,37.21,212
47.15947,-1.977095,37800.0,68.82,201
48.184631,30.973347,43100.0,23.81,283
47.143791,-18.751104,44800.0,29.18,297
48.080997,41.411522,42800.0,60.33,241
48.274601,-39.003239,40200.0,102.38,258
47.658073,29.071135,42100.0,13.68,309
47.506844,36.915749,40100.0,73.84,239
47.822365,38.209633,42700.0,72.5,240
48.392326,41.378445,41600.0,74.99,240
47.565994,-34.473019,38200.0,124.95,288
46.179726,26.93078,40800.0,26.64,313
48.095875,41.16494,40900.0,64.87,240
47.51815,-34.762638,39800.0,126.05,282
46.086704,-3.566515,39900.0,45.47,203
47.933937,40.143524,41200.0,84.12,236
47.549438,43.754631,38400.0,55.14,237
48.015633,45.468208,39700.0,63.83,236
46.151302,26.843235,42900.0,27.29,312
46.14505,26.854456,40600.0,28.75,316
46.177765,26.806923,44500.0,26.67,311
46.120449,26.920052,38900.0,28.74,318
46.722363,29.08514,38600.0,34.23,259
47.768116,42.38464,40600.0,42.84,243
47.481964,39.939781,39700.0,79.61,235
45.947742,27.221685,38300.0,24.57,319
45.562035,27.83663,43600.0,30.56,267
44.882751,-6.491112,45300.0,43.54,209
44.945648,-3.881535,38700.0,48.37,210
45.92942,27.051329,40500.0,24.92,322
44.754204,-6.406516,45600.0,42.89,210
46.155537,33.561592,40900.0,16.25,265
44.092037,-5.954207,43400.0,41.84,215
44.001408,-6.040965,40700.0,42.4,214
43.847847,-5.918978,39700.0,51.01,212
44.285645,-4.260777,39200.0,43.97,211
45.833626,34.266228,43700.0,20.34,259
43.914642,-6.230172,40100.0,42.98,218
43.810154,-5.997233,38900.0,49.35,213
44.948387,28.176662,37700.0,28.62,284
44.863136,-25.867338,40600.0,96.41,309
44.50547,-29.156202,38800.0,100.53,301
44.371983,-24.425205,44800.0,123.65,312
44.835812,28.033878,39000.0,29.88,287
45.769772,34.331589,42600.0,22.78,258
44.710255,-25.728294,44000.0,90.66,309
44.693245,-27.584576,40500.0,74.28,297
43.804802,31.375904,44800.0,23.77,281
43.68224,32.02293,44700.0,25.92,287
43.67411,31.871859,44400.0,25.63,290
44.261578,37.520176,42500.0,31.98,259
42.890228,28.686306,43100.0,46.44,287
42.823013,29.145906,44800.0,45.07,288
42.614738,28.771198,42800.0,50.64,287
42.876087,32.426376,41900.0,34.86,273
42.975121,28.178385,41600.0,44.69,293
43.655342,38.274151,40200.0,31.8,247
41.664932,-5.545907,37800.0,54.39,217
42.558666,28.926111,43500.0,53.37,283
42.174999,30.779766,43600.0,27.52,292
42.452602,28.488684,42800.0,51.49,288
42.098545,28.846991,44600.0,50.32,291
40.999268,-24.817932,38100.0,93.95,313
41.064117,-25.197926,42800.0,90.24,313
40.238865,-3.354264,44000.0,61.72,231
40.840687,27.943043,40000.0,64.0,302
40.970455,-24.894575,38600.0,92.06,315
40.641403,27.389683,38600.0,77.59,305
41.194248,29.012352,37800.0,58.99,297
40.455658,-24.732441,44400.0,60.16,305
40.569614,27.701355,38800.0,76.35,308
38.505219,-4.045472,42400.0,75.78,228
40.638565,-40.047077,41900.0,51.51,266
40.140583,-39.400547,42600.0,47.77,269
40.353596,-36.022778,42400.0,59.92,291
40.341362,-35.942295,44900.0,58.86,291
38.535019,-4.27652,43800.0,74.31,231
38.427895,-16.036999,39600.0,79.27,310
37.257469,14.69989,42500.0,10.08,281
37.234062,14.555209,37800.0,10.38,277
38.659821,-41.188293,39100.0,37.72,261
38.681667,-39.047997,44200.0,33.62,285
36.288666,7.904004,39700.0,20.05,272
37.937042,-41.215836,40400.0,44.24,268
37.0205,17.84029,43300.0,23.97,282
36.51717,5.863483,39400.0,25.37,265
37.832977,-41.195621,41500.0,43.87,269
36.665737,22.1315,42400.0,32.36,312
35.613457,-12.089123,38200.0,52.06,298
36.00621,-10.719751,40600.0,52.81,302
36.013668,7.859906,40200.0,20.68,280
35.925571,18.331522,44200.0,24.22,289
35.926029,19.057812,45300.0,24.67,298
36.974575,35.249638,44500.0,31.23,291
36.122234,22.455786,41500.0,31.72,310
35.849766,17.806551,40100.0,24.77,284
36.89193,35.120499,44100.0,37.64,290
36.79002,34.910141,41200.0,41.12,286
36.812641,35.163521,44800.0,30.56,289
36.725632,34.996944,42000.0,36.34,281
36.437977,33.562729,43200.0,40.28,285
35.591835,23.554173,40900.0,24.53,311
35.679604,23.431519,38300.0,28.09,310
35.042713,-12.226333,44100.0,45.95,299
34.942543,-12.051048,42200.0,48.35,304
35.863033,33.781868,39300.0,33.53,287
58.688004,-3.477297,37800.0,23.51,192
57.337021,0.8431,41000.0,30.34,211
56.483368,-2.075062,42600.0,34.2,203
57.038086,-31.317089,41800.0,18.72,247
56.668011,-31.408293,45300.0,20.41,213
55.541016,-29.536453,42400.0,22.25,249
54.966358,-26.618973,42700.0,29.49,284
55.257191,-29.271492,42600.0,22.6,242
54.955334,-26.224985,38200.0,29.01,280
54.489571,-25.069111,42600.0,30.91,284
53.790993,-4.898783,38100.0,32.44,200
54.937096,-24.785955,43100.0,32.47,291
54.163311,-27.105537,40300.0,24.4,254
54.089355,-25.346113,42600.0,26.88,278
53.754902,-24.738825,41600.0,27.68,285
52.856792,-6.048132,42300.0,26.57,202
54.06181,17.36548,39400.0,83.11,308
54.014027,17.510447,38800.0,82.65,310
53.788345,-24.955805,42200.0,28.91,287
52.415291,-6.355741,38500.0,27.36,201
52.553741,-0.602445,39600.0,83.83,207
53.522408,-24.53306,40400.0,33.07,290
53.146477,18.123747,38000.0,80.28,311
53.083179,-25.967279,41800.0,33.41,282
53.073414,-24.733473,40900.0,35.8,282
52.125088,-0.499254,41000.0,77.22,206
52.725456,15.491072,39700.0,67.17,303
52.921021,-25.440029,41200.0,35.87,281
52.299313,-6.65545,41700.0,27.11,197
52.135597,-6.377171,46400.0,27.81,200
52.663734,-25.011341,41900.0,39.51,277
50.828613,-0.61156,38600.0,68.13,208
52.470947,-25.124672,44700.0,34.17,276
49.334454,-6.544273,45300.0,48.83,219
49.2108,-3.502142,38500.0,81.65,204
49.821205,1.06964,39500.0,62.98,211
49.150364,-6.815557,42100.0,47.9,220
48.881409,-4.919485,42000.0,45.21,219
49.374664,0.54131,37900.0,59.86,210
48.872639,-5.783668,46500.0,49.63,217
48.679886,-5.421768,40100.0,50.53,217
49.45816,0.937836,42300.0,62.44,212
48.829525,-7.229091,39500.0,34.97,220
48.197086,-7.969756,41100.0,33.41,228
48.294956,33.338676,39500.0,32.44,279
48.011963,32.837761,40400.0,34.54,277
48.288971,-39.12154,39900.0,117.47,260
47.89753,-35.112297,37700.0,124.44,277
47.929482,-34.998093,37900.0,125.54,277
48.235287,-39.219673,40300.0,119.27,259
47.625637,31.281025,41900.0,25.78,264
46.019943,-9.849895,39100.0,28.45,308
47.235233,30.237913,40000.0,22.86,262
48.140545,-39.105644,41300.0,112.27,266
46.064419,-3.426528,40700.0,47.33,202
47.477085,-34.573597,40900.0,118.0,286
45.653934,-10.18821,38100.0,36.7,318
45.718235,-9.747775,44500.0,33.81,315
44.977715,-4.536697,40200.0,56.97,200
46.124855,26.934052,39500.0,26.78,316
46.101528,27.017153,37800.0,25.99,317
46.149899,26.842997,42800.0,26.84,314
46.098194,26.987396,39100.0,25.3,320
45.427071,-18.910606,46400.0,60.42,309
44.996391,-10.441463,42400.0,32.64,311
46.139317,26.862108,42400.0,26.95,317
46.111355,26.903528,41000.0,26.99,318
45.507389,27.825592,43700.0,32.49,266
46.263199,33.378181,39500.0,16.4,269
44.735748,-5.370016,45200.0,52.54,205
46.043736,26.965862,37800.0,25.61,316
46.218925,32.707661,38000.0,17.76,268
44.360077,-22.64604,38200.0,125.31,318
43.764946,-5.048333,38800.0,58.31,202
44.002068,-4.245604,39000.0,45.32,210
43.66399,-6.024458,38400.0,51.13,209
43.600487,-6.009977,38000.0,53.34,207
43.513996,-4.611203,38200.0,54.94,204
44.836712,-25.675358,39500.0,104.6,310
43.537075,-6.021543,37800.0,56.02,201
44.613949,28.576115,38700.0,37.73,263
44.864029,-27.671309,40900.0,75.83,298
44.850143,-27.259335,44200.0,79.3,302
43.99242,28.035925,40400.0,41.96,263
44.137314,28.329399,42200.0,38.69,272
43.80793,27.884901,40100.0,39.79,268
43.79863,27.875645,40100.0,38.4,272
42.932976,-7.866964,43700.0,43.46,286
43.062542,-22.069521,39400.0,122.6,318
42.073627,-4.607559,41400.0,68.9,206
43.496868,36.072681,42400.0,40.85,247
41.73267,-23.062782,40800.0,105.93,318
41.962479,-4.672169,41100.0,70.05,209
42.646614,28.275578,45700.0,48.66,286
41.438404,-24.596848,42700.0,93.05,309
41.433994,-24.411892,41700.0,100.51,310
42.27581,33.826092,40900.0,50.88,254
41.881683,32.04324,38200.0,49.35,267
42.241638,33.852165,41200.0,48.34,252
41.107586,-25.065367,42100.0,89.72,313
42.779522,38.036678,40600.0,32.37,251
40.884624,-24.881254,39900.0,87.93,316
40.781029,-24.751656,38800.0,86.64,316
40.961739,31.705467,40400.0,63.48,276
40.462311,27.558189,37900.0,73.77,308
40.913944,30.959499,40600.0,67.19,281
41.009209,31.846668,40400.0,61.14,276
40.254608,-24.392126,41300.0,51.7,299
40.077152,27.871288,46500.0,23.92,288
38.632877,-3.816102,43000.0,80.75,227
40.240822,-37.514683,43800.0,45.59,278
39.635681,37.251469,42200.0,42.53,271
39.735867,-44.453503,39300.0,58.75,258
37.238667,15.653286,45700.0,13.9,277
37.183327,14.578291,40300.0,10.15,278
36.718197,21.604406,39900.0,26.55,312
36.423363,5.989525,40700.0,27.15,266
36.11549,18.753666,45900.0,24.16,294
36.178902,20.105568,45600.0,26.61,303
36.929867,38.400719,46100.0,30.51,306
35.772057,22.512177,38200.0,29.02,309
35.681793,23.548979,38800.0,29.0,309
34.987972,19.932426,40500.0,23.51,293
30.987495,-27.381168,44700.0,12.01,346
30.884705,-27.254477,40100.0,21.43,322
31.019815,-27.593922,38700.0,14.78,345
30.694109,-27.042152,38800.0,23.64,326
53.715759,-5.864704,40300.0,29.48,200
53.418922,-6.098592,39000.0,28.58,205
53.134766,-6.188293,38100.0,28.74,206
52.621372,-7.087339,39000.0,26.62,198
52.194771,-4.288826,46000.0,35.81,210
35.557194,19.417171,44000.0,24.41,298
35.4856,18.980366,40800.0,23.33,294
35.589046,19.602753,42400.0,26.71,302
54.74334,-3.765832,42200.0,33.96,206
53.462795,-6.387548,44000.0,26.42,204
48.554096,45.347492,38100.0,61.89,236
48.655117,40.18578,38300.0,82.2,237
36.837391,33.844814,40600.0,38.88,284
36.342514,38.560871,41500.0,31.97,310
35.564209,19.309254,38000.0,23.68,298
54.037174,-3.179689,40200.0,36.29,202
38.826256,-15.332913,41300.0,79.67,310
38.5425,-15.279201,42200.0,79.68,310
35.967319,18.488396,42200.0,24.5,295
57.152496,-3.017191,40000.0,24.56,174
54.420654,-4.040895,39100.0,34.43,203
53.359386,-6.213104,38600.0,26.67,205
53.164112,-6.986879,38000.0,27.83,198
42.81551,-22.427111,40100.0,122.99,318
49.107754,40.25119,40500.0,83.91,238
47.864643,44.12051,38800.0,58.89,231
36.837822,7.12343,44400.0,26.92,264
38.628124,-3.935821,39400.0,81.4,226
38.741001,-15.517877,37700.0,78.8,310
54.788601,-4.396676,43000.0,31.21,209
53.613983,-6.187066,39900.0,27.53,204
53.406742,-6.347423,38400.0,26.7,205
53.545635,-6.156198,38300.0,27.5,204
36.309715,38.567654,40300.0,31.85,308
36.09734,19.307604,44800.0,24.79,297
36.025936,19.641474,45900.0,25.01,298
35.482159,-6.73863,45300.0,53.22,239
55.032505,-4.164576,42100.0,31.48,208
52.33165,-4.462103,44700.0,35.52,210
48.123451,31.852262,40900.0,26.08,267
48.015774,32.323936,41500.0,27.13,270
38.820354,-3.431374,39700.0,69.96,228
41.837479,-21.779974,41600.0,122.01,314
48.209663,43.188377,38300.0,62.83,236
38.651058,-15.482462,38300.0,79.46,310
47.809258,43.091206,38200.0,52.24,236
36.647923,-5.527658,43700.0,59.93,235
41.712646,-21.298338,43400.0,123.27,318
35.240223,-7.002454,46500.0,52.11,239
41.423794,-21.202196,41100.0,118.12,316
40.56506,-19.808498,39100.0,124.24,318
41.21859,-21.005848,39000.0,119.08,314
36.406548,18.650017,44400.0,24.38,295
36.615856,6.714842,43800.0,26.19,266
42.356327,-37.981056,37800.0,75.79,279
40.125015,-39.678993,38600.0,48.46,268
58.035641,-7.336449,39500.0,15.51,193
51.52412,40.452915,45900.0,28.07,286
43.736938,-9.869828,46100.0,36.62,305
47.697163,1.232091,38300.0,67.33,211
36.120483,20.171595,44200.0,26.85,303
53.843536,-2.408974,43400.0,38.29,202
39.417351,-39.555035,44200.0,39.81,271
35.59026,18.749619,42900.0,24.64,298
48.389091,31.034155,41100.0,25.32,283
47.76326,32.128147,39400.0,25.74,266
38.755962,-15.734685,39500.0,77.79,309
47.935493,-39.065311,38800.0,113.65,265
36.974117,19.229288,38500.0,24.31,292
36.27528,21.05739,46400.0,29.51,307
36.176334,19.420324,45000.0,24.28,296
36.269814,19.854614,38300.0,23.52,300
36.092815,19.778332,41400.0,24.38,300
36.191807,20.217672,41700.0,24.01,300
35.240681,-6.773615,46000.0,52.17,240
53.345089,-4.910566,39700.0,29.01,204
42.382179,-21.651161,44700.0,125.42,318
38.709503,-15.453828,45200.0,78.74,309
36.970642,19.015146,38500.0,21.66,289
37.041267,15.641369,45800.0,14.7,273
36.878521,35.267696,37900.0,44.28,285
38.244453,-3.786916,41700.0,72.73,226
39.966991,-40.42041,45500.0,41.46,260
57.37645,-7.693835,37900.0,13.78,172
46.992836,31.165987,40700.0,27.37,257
48.310242,40.096584,38300.0,80.7,236
36.159817,18.312609,43500.0,25.42,281
36.129795,19.828972,41700.0,24.57,300
43.238995,34.050251,38500.0,47.11,256
43.164383,34.143425,39500.0,50.72,250
38.79076,-21.055843,37800.0,84.99,314
39.971115,-40.00034,38400.0,44.76,264
55.422821,-28.425606,40600.0,22.47,246
55.313488,-28.112389,40900.0,19.63,250
53.356216,-2.48419,42700.0,42.04,203
48.558876,-8.519756,39100.0,33.78,232
48.679184,-9.230002,38400.0,33.09,232
46.963562,31.158112,39800.0,26.87,260
47.867874,-38.431305,38700.0,118.04,261
36.935513,-15.105258,39600.0,73.79,316
36.982986,35.011765,38500.0,36.87,282
36.769215,6.863292,44700.0,26.25,267
37.754101,-4.326037,42900.0,69.73,226
53.318047,-5.344662,42900.0,28.72,206
53.417732,-4.829831,40100.0,30.14,201
53.510098,-4.147418,41900.0,36.01,205
43.314503,35.767506,38900.0,43.88,251
53.655682,-4.248313,39700.0,31.06,204
53.575733,-4.475911,38300.0,32.72,201
53.504223,-4.349329,40800.0,32.03,205
53.040474,-3.935699,45400.0,36.01,209
53.871658,-2.289192,42600.0,44.17,202
48.251129,31.61017,42800.0,26.31,266
42.946682,-22.112276,38100.0,123.27,318
48.176239,-6.189382,38600.0,46.03,215
44.296497,-10.305146,44100.0,27.82,307
41.376469,-21.238199,39300.0,116.5,315
37.104233,6.81539,44600.0,26.68,262
36.944149,34.987488,39300.0,42.56,287
57.153519,-3.53555,41800.0,20.09,174
57.445675,-0.655023,38100.0,26.42,196
56.772285,-3.962534,44300.0,17.02,176
53.688332,-3.170699,42700.0,35.84,203
46.582798,30.870771,37900.0,26.27,245
38.265484,-3.726547,40600.0,80.37,226
56.938175,-3.860273,42500.0,17.37,179
56.869724,-3.852799,43700.0,17.59,175
51.579777,40.466385,46200.0,26.13,292
48.992031,-8.410848,46100.0,35.31,233
48.718334,-9.24155,39200.0,33.1,234
46.645176,-10.427196,40900.0,22.74,278
44.397263,-9.698267,41700.0,33.94,309
44.482864,-10.313381,42900.0,27.38,308
48.165443,41.529827,38400.0,75.86,237
40.748344,31.017599,38700.0,66.98,281
43.424671,34.760624,39300.0,48.13,248
37.404659,15.636945,41600.0,14.49,269
35.283215,-6.620276,45600.0,52.82,240
54.650555,-4.676661,40900.0,30.6,210
52.903217,-6.641822,40000.0,28.45,203
51.509621,-5.718971,41000.0,29.71,210
42.924458,34.041443,39400.0,51.59,251
42.881077,34.111374,38800.0,53.05,249
38.867481,-40.958897,38500.0,42.01,266
57.226509,-3.591791,41800.0,20.81,176
56.901402,-3.852911,43900.0,18.4,173
56.755215,-4.054213,45400.0,16.59,181
55.145687,-28.066456,40000.0,21.74,245
53.826866,-4.169055,39300.0,33.86,201
51.542488,40.235378,45500.0,26.83,289
44.520912,-10.045102,41500.0,31.05,306
48.198593,43.74258,38700.0,56.05,237
41.407314,-21.575975,40900.0,118.44,315
42.876743,-8.681175,46300.0,36.64,288
43.304539,35.845623,39200.0,41.39,253
39.025055,-40.802982,38000.0,42.12,259
37.945332,-4.114042,41900.0,71.1,225
36.502884,-5.465463,42400.0,57.15,229
36.359356,-5.559023,46400.0,56.84,229
53.25798,-3.638363,42300.0,33.21,208
43.640949,31.539129,43600.0,26.88,287
43.432884,31.568781,43100.0,27.98,295
43.633629,31.555025,43000.0,25.66,292
57.294106,-6.404879,43500.0,12.94,173
56.779865,-4.09276,44600.0,15.06,181
55.218277,-28.311098,39500.0,22.38,244
54.621864,-2.459741,38700.0,45.9,203
51.910797,-8.869897,46400.0,18.09,275
54.394859,-2.417275,38600.0,46.09,201
53.747047,-2.264579,42700.0,43.94,204
52.347004,-3.981656,45400.0,36.22,209
51.085125,39.361935,46500.0,25.77,290
48.941612,-9.16048,43100.0,34.37,230
48.002625,31.589628,41700.0,25.13,263
48.501926,41.003914,41800.0,82.36,238
44.667767,-10.588613,42100.0,27.3,304
43.652641,31.610668,43000.0,25.58,287
43.457741,32.078514,43500.0,26.32,289
40.511784,30.2675,39600.0,68.63,282
38.716721,-3.548148,40600.0,79.7,225
37.134453,35.417133,41900.0,41.98,284
37.577599,-4.263699,41600.0,70.17,227
40.55954,-3.666574,43600.0,69.67,229
54.418247,-3.87808,38800.0,36.46,201
52.595924,-9.140675,45500.0,15.64,273
53.772343,-4.285623,39200.0,32.16,202
52.512493,-7.116182,45000.0,26.2,216
51.905556,40.339901,46500.0,28.55,285
51.129654,38.471764,46000.0,27.12,284
51.402748,39.714294,45500.0,25.53,290
52.642323,-0.366593,38300.0,78.6,207
51.076447,38.501484,45900.0,24.3,292
51.244156,39.068844,45400.0,24.7,294
52.27137,-0.415033,37900.0,80.12,206
47.389236,31.478167,39000.0,26.58,262
44.17939,-9.740114,43700.0,33.55,308
47.491146,0.995646,37900.0,65.96,211
47.92485,38.758614,37700.0,76.76,237
47.920189,38.861637,40800.0,80.53,236
48.21579,-38.842789,38500.0,123.12,261
47.757095,40.294159,37800.0,78.9,235
47.848869,40.824917,38100.0,73.26,237
43.578579,-8.072474,41800.0,42.14,285
43.157043,-7.912907,42600.0,43.67,287
43.111801,-7.82057,42000.0,46.22,291
43.668804,27.369036,44800.0,43.51,310
44.424683,-5.322684,38900.0,58.0,202
44.025726,37.348843,40900.0,36.63,255
43.494682,35.071049,39800.0,45.83,249
42.997704,35.466011,41100.0,45.69,251
40.392555,30.041271,38000.0,68.2,283
38.68536,-19.636223,39000.0,93.47,316
37.34967,15.215279,46500.0,14.47,281
36.9608,15.65212,41600.0,15.16,270
38.460094,-41.314613,38300.0,38.92,264
37.008812,35.312267,39200.0,43.19,284
36.197258,-5.957922,46400.0,53.84,244
57.166985,-0.152757,43100.0,26.25,203
44.44537,-8.945647,45500.0,36.86,307
44.385265,-8.992275,44000.0,35.56,308
44.120815,-8.920966,43700.0,35.37,295
43.499939,-8.240514,44100.0,38.77,286
42.864445,34.598785,40000.0,45.81,250
42.694942,35.044762,38400.0,45.46,253
42.058571,-37.492474,38500.0,73.54,278
55.012859,-27.754992,40300.0,21.57,251
52.168858,-9.006331,45600.0,16.79,272
54.083714,-2.260364,39100.0,46.67,203
52.330929,-4.206808,46200.0,35.76,211
52.036022,-0.590511,39000.0,79.22,205
49.411572,-6.252079,42600.0,49.37,218
43.769753,-22.207241,38100.0,130.32,319
44.987278,-9.953926,43200.0,34.55,310
48.117699,-38.855209,38900.0,113.36,261
44.110161,-9.630575,44300.0,33.75,306
44.038013,-9.321283,43000.0,34.43,311
41.907089,-21.74172,46200.0,119.96,316
43.30962,-7.824508,42100.0,43.16,290
43.082355,-8.017033,44800.0,43.13,284
43.121708,-7.807081,41100.0,46.66,297
38.097393,-15.614895,37700.0,77.75,310
37.795376,6.371478,41700.0,29.96,251
37.598591,6.228089,42100.0,28.45,254
36.78513,18.445286,41800.0,21.58,286
37.81551,-4.662552,45600.0,58.47,231
36.710365,18.582756,42500.0,22.73,286
36.988998,35.318554,43700.0,37.14,288
36.907417,35.305481,46300.0,32.24,292
35.694126,-6.339157,44600.0,56.33,241
30.727543,-26.996973,38100.0,26.85,323
57.136497,1.623066,37900.0,36.15,217
56.710587,-3.834791,44500.0,17.45,176
56.932632,-2.347306,42000.0,28.39,172
53.681362,-2.192173,42700.0,44.07,204
45.264603,-9.160096,44900.0,31.64,317
44.665359,-8.869111,46500.0,36.24,307
44.258194,-8.945995,43100.0,34.82,306
43.154102,-9.034396,43600.0,36.62,291
36.882046,-15.203166,40400.0,73.12,315
39.347431,-40.164509,38100.0,42.46,261
57.406635,-2.949281,40300.0,22.76,173
56.727699,-7.628688,39500.0,12.52,166
56.807976,-3.528373,43900.0,19.32,172
56.077415,-29.700361,40500.0,21.9,254
54.39011,-26.764021,39000.0,29.62,268
52.901112,-9.00642,45600.0,15.99,273
54.18977,-26.990036,38500.0,22.16,248
52.415718,-8.928792,44600.0,16.48,273
52.644161,-6.80974,40600.0,26.45,206
52.618259,-6.818252,40700.0,26.53,199
53.492229,-2.461289,43200.0,43.26,202
52.529762,-6.553825,37800.0,27.5,200
52.088657,-6.468267,39000.0,27.4,198
52.087162,-6.537446,43500.0,26.05,200
51.878937,-5.692081,39600.0,30.05,214
51.496464,39.499714,45700.0,28.65,284
51.451977,39.621681,45700.0,23.9,296
48.472778,30.878325,42300.0,21.83,293
48.4856,30.979565,42500.0,22.68,288
49.219467,-4.888064,45400.0,55.91,214
45.009686,-10.334873,40100.0,26.71,306
48.359478,45.681087,39800.0,61.72,236
44.419628,-9.985567,41400.0,27.38,307
44.085464,-8.95505,43800.0,34.98,304
42.527679,-21.742645,43400.0,125.06,320
41.117836,-25.23481,41300.0,96.75,317
41.06237,-25.474499,46200.0,97.42,317
41.108356,-25.290115,42700.0,95.58,317
40.999397,-25.481228,46500.0,96.27,316
40.997929,-25.396091,44900.0,96.6,316
41.001404,-17.372164,42800.0,53.0,316
42.895916,35.265167,41000.0,45.34,251
38.680767,-15.818889,46100.0,78.37,309
40.598503,30.939589,40800.0,65.41,283
40.752842,31.832836,38400.0,60.08,283
40.47139,31.513935,44500.0,59.83,288
38.311031,6.978299,41000.0,29.58,252
37.684692,6.442285,46100.0,28.37,258
38.325623,-3.982793,40400.0,78.76,225
38.270653,-41.250519,38300.0,40.5,265
37.620365,-4.302838,41400.0,70.64,225
37.01273,35.187351,43000.0,36.93,287
37.786282,-4.151224,41000.0,68.1,229
36.533779,18.897053,44200.0,24.75,291
30.928268,-27.169376,45800.0,26.9,320
56.674988,-3.619398,45300.0,18.5,173
56.488197,-0.459609,45300.0,29.49,202
57.293613,-1.512637,38400.0,24.47,183
49.01519,-7.399173,40600.0,34.6,226
45.050201,-8.922263,45700.0,31.59,313
44.674156,-9.059788,45400.0,35.19,312
45.524834,-9.164141,44900.0,32.37,317
44.142193,-9.252342,45200.0,32.52,308
43.440552,27.472916,44100.0,46.12,308
43.699924,31.568407,43400.0,24.52,285
44.182556,38.292679,39500.0,32.87,260
43.266125,33.446674,38200.0,40.11,266
39.930042,37.684315,39800.0,42.32,273
36.821709,6.1851,44900.0,26.79,263
36.36351,38.223885,43300.0,31.83,307
57.803165,-7.952992,38400.0,17.79,176
57.161461,-7.255152,41200.0,14.65,167
56.905293,1.573286,42100.0,38.91,218
54.158539,-27.927845,42800.0,23.28,251
54.076847,-27.040033,38700.0,23.09,249
53.367931,-2.277488,43100.0,44.46,203
52.482998,-5.948843,37900.0,30.05,209
51.507721,39.647305,45500.0,27.9,285
48.921474,-7.739334,39700.0,34.24,229
49.343636,-6.459176,42300.0,48.99,218
48.318665,31.049082,41400.0,26.03,280
45.64423,-8.972286,45000.0,31.01,316
47.710289,-35.91029,39200.0,125.8,276
44.754204,-10.232376,40900.0,31.59,307
44.925797,-10.350155,41000.0,26.18,306
44.685051,-10.165945,40100.0,26.87,308
44.265594,-9.709481,42000.0,35.12,310
43.194012,-8.001105,44200.0,41.64,283
43.01799,-8.231429,44800.0,39.29,285
43.75647,28.610964,39000.0,48.45,287
43.345158,32.102676,42700.0,27.35,291
41.175125,-25.397785,44300.0,98.87,315
41.136814,-25.423729,45200.0,97.69,317
43.448586,33.174747,39500.0,36.69,269
41.089016,-25.435108,46000.0,98.06,316
42.995861,35.738827,38100.0,42.3,252
39.683098,-40.899647,37900.0,45.61,262
38.785381,-40.671337,41600.0,38.15,266
57.410873,-0.265286,38900.0,25.85,205
53.47641,-4.605126,39800.0,33.61,202
52.18401,-6.439873,38600.0,29.05,205
52.158764,-6.40139,40300.0,26.96,199
49.227844,-7.723678,45600.0,35.07,231
48.276928,32.598591,39600.0,31.14,277
47.754223,38.127628,38000.0,72.44,237
43.463512,38.092289,45300.0,32.05,261
39.423527,-42.262207,38400.0,46.07,261
57.441406,-2.576566,38800.0,25.04,173
57.246941,-32.171112,42500.0,18.47,203
55.880253,24.12302,46300.0,33.08,292
55.016346,-28.130594,38600.0,22.22,243
53.782784,-3.881855,40000.0,31.54,206
53.958324,-3.460759,40400.0,33.63,206
54.244724,-27.669895,39800.0,23.52,252
52.357765,-6.529971,37800.0,27.46,198
52.241455,-6.626482,40200.0,27.96,195
51.368214,39.168846,45400.0,26.25,287
48.921844,-7.845483,40900.0,33.88,228
47.731548,31.011869,39500.0,26.89,262
48.314877,-36.00655,45400.0,128.29,277
47.392925,31.141298,38900.0,26.95,261
44.861401,-10.346946,38700.0,26.96,308
44.786369,-10.333728,41200.0,26.4,303
44.942936,-5.080221,46100.0,55.55,202
43.898235,28.577848,39200.0,42.71,285
41.061474,-25.243639,40500.0,93.64,316
42.53339,34.003345,38800.0,46.76,250
38.576401,-20.902382,38300.0,87.05,314
38.495396,-4.014876,40100.0,80.91,226
39.15136,-42.093956,44000.0,45.97,261
37.26247,6.378071,46300.0,27.87,260
38.951675,-41.92382,46500.0,45.82,261
38.819248,-41.780224,42700.0,42.91,258
38.559784,-41.340073,38200.0,37.8,263
37.490837,38.861538,38400.0,32.54,297
37.006565,15.864829,41900.0,15.62,270
37.387711,38.85033,45600.0,30.47,304
36.915657,38.517376,42400.0,31.82,305
36.084663,-5.913434,43500.0,61.83,238
34.184597,-16.470409,42400.0,70.85,320
57.053921,-1.727999,39000.0,30.46,172
56.814465,-0.837726,43500.0,26.92,201
54.480183,-4.075498,41000.0,36.13,207
52.19701,-6.177411,38300.0,30.29,212
52.178299,-6.118153,38800.0,31.78,213
52.08313,-6.175197,45700.0,33.15,208
52.077633,-6.097095,45500.0,35.57,210
45.679325,-3.520801,41800.0,49.26,204
43.481091,-9.599481,44300.0,34.89,302
43.066402,-8.406059,45000.0,38.48,286
43.602402,31.686083,43500.0,28.74,296
43.70557,38.191002,38500.0,35.21,259
40.724426,-3.556455,42300.0,59.7,231
40.638065,31.766165,45600.0,51.73,294
41.072662,-3.370541,45700.0,58.77,229
31.605501,-16.105652,42800.0,65.61,330
31.604671,-16.0949,43100.0,66.15,330
56.903477,-7.912741,37900.0,13.41,167
52.315285,-9.197896,45800.0,16.44,271
53.12138,-2.554383,46500.0,43.71,205
52.161015,-24.154211,42400.0,40.95,272
52.014511,-25.894789,46400.0,34.75,276
51.534904,39.28244,45800.0,28.64,282
49.357121,-6.444728,43600.0,48.63,219
48.715878,-8.565206,41300.0,33.29,231
49.744957,-35.675911,40500.0,143.66,275
49.739288,-35.603954,38500.0,143.52,276
47.668453,30.72397,38000.0,26.81,260
48.099716,-35.80365,41400.0,125.36,276
48.319965,39.35495,41000.0,73.09,241
45.022629,-10.394048,38000.0,27.42,308
44.458355,-9.619474,42700.0,35.66,311
44.348316,-9.915953,41300.0,34.28,308
44.54567,-4.889613,40300.0,55.17,202
42.942078,-8.081536,45000.0,50.17,298
42.794079,28.570766,42100.0,49.7,291
42.702358,28.746725,40500.0,50.19,290
43.91275,36.126217,38400.0,43.72,245
43.929958,37.744801,39900.0,35.55,258
42.794338,34.711555,39500.0,44.26,251
42.46402,-4.862428,38000.0,66.81,206
42.152405,33.984966,38800.0,46.18,266
40.507343,29.914145,41900.0,66.23,282
40.696815,31.102316,38600.0,66.44,281
37.771557,6.151643,38900.0,29.6,252
38.479664,-38.833481,38600.0,39.24,288
36.884796,34.871269,38400.0,41.86,287
35.554104,-6.369455,43800.0,61.19,238
31.662025,-16.090897,45400.0,65.42,332
31.631071,-16.078228,43600.0,65.65,330
31.627127,-16.082754,43500.0,65.74,330
31.611631,-16.092241,43900.0,65.62,330
31.613419,-16.087534,43700.0,65.73,330
31.546949,-16.158825,40300.0,65.89,330
31.609842,-16.091921,43400.0,65.95,330
57.064655,0.907784,41400.0,35.75,216
54.606594,-4.140715,43100.0,30.47,208
53.913578,-5.497144,38000.0,33.27,200
54.184566,-5.554632,44800.0,31.89,202
53.553696,-4.959404,39000.0,32.79,202
53.494938,-3.401069,42000.0,35.86,205
49.675835,-36.441654,40900.0,141.19,273
48.913872,-4.039304,38600.0,55.93,208
46.129433,26.919514,38800.0,26.12,326
44.184242,-24.172915,41500.0,123.47,312
43.510082,27.439444,45200.0,45.2,309
43.760323,32.137333,42000.0,25.43,282
42.780056,28.408716,43800.0,44.77,292
41.418713,-24.038269,38600.0,104.62,315
41.555656,-3.333513,45400.0,57.93,229
39.741772,-43.380959,38700.0,56.03,257
59.152279,22.650986,45200.0,36.52,290
58.0312,-7.634692,38500.0,14.69,185
57.930275,22.746,44100.0,33.21,297
57.865936,22.922068,44300.0,31.98,295
57.180222,1.852249,39300.0,42.87,218
56.246567,24.443901,44000.0,29.21,297
56.609695,1.099128,42700.0,45.6,222
55.562168,-11.300551,44900.0,9.7,212
56.29353,24.478876,42000.0,28.36,304
56.913803,-31.688869,42400.0,20.77,222
54.147106,-2.945205,40100.0,36.57,202
53.147972,-25.28203,39500.0,33.33,272
52.519451,-5.767206,40600.0,29.94,209
52.320965,-6.764158,42800.0,26.19,195
52.126087,-6.380952,43300.0,26.5,199
52.2159,-24.393827,43200.0,37.55,281
52.012241,-24.021997,45100.0,40.26,276
51.31012,-24.313507,45500.0,36.89,272
51.405045,39.205112,45800.0,25.56,291
48.836517,-8.93936,41000.0,34.2,232
48.332233,-7.80761,38500.0,33.55,227
49.590427,-36.160591,38200.0,136.76,273
48.052097,-35.841938,42400.0,127.82,277
47.978329,-36.014889,39900.0,127.53,277
47.846607,-35.664356,38800.0,124.2,276
48.439346,41.995659,39400.0,77.84,241
48.179886,-39.01741,38900.0,125.32,262
47.824596,-35.989849,39900.0,128.13,278
46.611416,30.44482,38800.0,23.87,243
47.949814,-39.371605,41200.0,112.0,266
44.905369,-8.890604,45400.0,34.71,309
45.425186,-5.084236,42300.0,53.67,207
45.299355,-4.996509,39700.0,59.32,199
43.418434,-7.861512,42700.0,42.43,289
43.456978,29.743734,42700.0,43.51,290
43.160942,32.272022,42500.0,27.98,285
42.580578,28.596844,41400.0,51.26,290
42.195961,33.899204,38700.0,48.88,251
41.727882,-3.664299,46300.0,61.15,232
42.108868,33.94574,38600.0,48.1,266
40.739376,31.118486,41000.0,64.91,283
37.666618,-15.634168,41700.0,76.81,311
39.720673,-43.47604,39800.0,56.06,257
39.552307,-42.742847,41500.0,48.26,263
39.033607,-41.670769,38500.0,44.66,260
36.804024,-15.46602,38300.0,75.23,312
36.918823,6.465829,44700.0,25.71,261
37.409313,-32.729729,44500.0,36.29,303
36.490555,-5.376783,43100.0,57.85,237
35.896156,-6.160288,44800.0,53.83,244
36.767391,35.089039,41400.0,47.46,285
34.153393,-16.678959,44200.0,71.04,320
31.596336,-16.125004,42100.0,65.63,330
31.581091,-16.124424,41300.0,65.9,330
52.94878,-1.780491,43700.0,42.48,205
52.238743,-6.325878,38000.0,29.78,211
45.878181,-9.010011,43800.0,31.17,315
46.098629,-8.696479,41700.0,27.96,306
48.300465,41.704929,38500.0,74.16,242
46.552826,28.754349,38200.0,35.65,255
45.773106,-3.365565,41600.0,50.01,202
43.965992,-24.161537,46200.0,121.46,312
43.624836,-8.903733,44900.0,34.71,293
44.295612,-5.391445,41600.0,58.56,204
41.738281,-21.603741,39900.0,120.68,320
43.861187,31.889629,43800.0,25.55,282
43.489899,27.245562,45900.0,44.78,309
43.650578,31.901655,42700.0,25.63,289
41.791901,-21.708824,42500.0,123.01,319
43.638168,33.068382,39700.0,30.89,269
43.681957,31.644213,43900.0,24.85,291
43.820377,36.873531,39700.0,35.53,251
43.44952,36.988663,42900.0,33.13,252
38.593956,-20.838217,42000.0,84.16,315
39.822803,-39.957935,45000.0,40.98,258
38.202049,-20.332331,44600.0,87.9,315
31.604156,-16.13562,42700.0,65.6,330
59.559864,21.683941,46400.0,41.38,289
59.535534,21.710209,46500.0,41.03,290
57.034164,-10.851809,42000.0,14.1,196
57.621143,22.676493,45500.0,31.25,297
55.533493,-11.395534,44600.0,9.67,215
56.66431,-31.138653,40800.0,21.01,242
55.181126,-11.216911,44100.0,8.46,213
55.192467,-11.191974,44100.0,8.22,212
55.786095,-29.542946,40900.0,22.42,247
54.137833,-3.293915,38600.0,36.58,201
55.632374,-29.765432,41200.0,23.01,237
54.018684,-4.088264,38700.0,34.03,202
54.760033,-27.599983,38800.0,23.02,246
54.719757,-28.015522,38800.0,22.06,246
53.604633,-1.953604,43200.0,44.43,206
52.769615,-6.382883,41000.0,26.32,204
52.87751,-5.873634,39100.0,28.02,209
52.698872,-5.665475,43000.0,31.39,209
52.344261,-5.965877,38900.0,29.95,210
52.734188,-26.088911,43600.0,26.72,272
52.182381,-6.138144,39500.0,28.7,212
52.172169,-6.011042,39300.0,31.09,214
52.265247,-24.157965,43500.0,37.08,282
51.788242,-25.51129,45600.0,33.39,277
51.750751,-24.987875,42600.0,39.97,283
51.518494,-23.799891,43300.0,42.85,273
51.270065,-24.518538,45200.0,37.51,273
49.070969,-7.611519,42300.0,34.56,228
49.074242,-4.853641,41300.0,56.84,216
49.598549,-36.090565,39300.0,140.91,273
47.34967,-19.027744,44500.0,56.85,311
47.345421,-18.981297,43700.0,58.04,311
48.281506,30.78536,42500.0,25.0,281
47.995819,29.639103,38200.0,22.61,255
47.968006,30.972883,39800.0,24.51,265
48.21386,-35.848724,42600.0,125.79,276
47.883415,31.517796,39000.0,26.43,264
48.241821,38.969822,38400.0,75.94,240
48.188545,-39.003906,38700.0,125.67,262
48.060715,-39.397556,39900.0,117.76,267
48.127121,-39.150684,38800.0,112.63,267
45.108608,-10.77966,46400.0,34.37,315
44.873749,-10.334093,40600.0,26.78,305
44.921379,-4.744116,39200.0,56.52,201
43.691631,31.731701,42800.0,25.28,284
41.660637,-24.342804,43900.0,107.73,316
41.544571,-24.314665,43200.0,104.96,311
41.482281,-24.23562,41800.0,104.59,312
41.476913,-24.022295,39800.0,105.95,315
43.616894,36.377106,38800.0,41.94,247
43.33083,36.340637,41800.0,40.91,247
41.030239,-17.338421,41300.0,54.7,313
42.039417,33.835289,38700.0,51.06,271
40.687801,-2.652344,38900.0,79.54,222
41.104183,31.432898,38600.0,63.28,281
40.289776,27.673405,38200.0,71.84,311
38.084572,-4.205476,43000.0,71.91,225
39.484219,-39.281712,43100.0,35.83,269
37.143124,18.487604,39100.0,20.12,292
38.896095,-40.533978,41800.0,36.25,269
37.140968,16.010059,39600.0,14.59,271
37.746925,-32.51712,45700.0,38.8,306
37.123493,35.479538,46400.0,33.67,287
37.026325,35.370163,43300.0,33.11,286
36.016556,-10.751017,37700.0,54.9,304
36.195099,20.237545,41800.0,24.07,299
37.228622,35.889702,37800.0,36.53,282
36.081566,-5.980262,44100.0,53.83,241
35.74474,18.583895,38500.0,23.95,293
36.104336,20.190435,42300.0,26.85,303
36.573566,34.550743,38000.0,42.74,283
35.440876,-6.431482,45600.0,53.59,239
34.997158,-7.024909,46200.0,50.36,239
56.749653,-10.97143,41800.0,14.51,204
56.977322,-1.094367,42200.0,26.83,193
56.886124,-0.060892,45300.0,25.04,200
56.668964,-1.118124,44000.0,32.15,197
54.237171,-5.477174,42400.0,33.65,199
53.859203,-5.561528,39200.0,30.24,201
53.08913,-2.115633,44800.0,43.21,202
52.278362,-1.289824,38000.0,94.77,205
49.165329,-6.721342,40900.0,47.44,223
49.144753,-33.384609,38600.0,139.86,281
48.466423,31.295872,42000.0,23.92,285
48.219082,31.396221,41400.0,23.42,271
45.386639,-8.754334,44400.0,27.95,318
48.098942,41.261997,38900.0,75.2,239
44.938564,-3.98429,37700.0,49.01,205
44.525547,27.746462,39000.0,37.57,271
43.364388,-8.512992,44100.0,35.52,285
43.257626,-22.256643,38500.0,124.19,318
44.343998,37.804523,40300.0,33.11,258
42.720108,28.467482,40500.0,50.64,290
43.641342,31.323874,44100.0,27.34,294
43.566544,32.904354,44600.0,28.79,276
42.567528,28.931023,41100.0,56.41,283
42.679588,31.367579,43900.0,27.57,295
36.479439,6.052985,38500.0,26.36,267
36.164272,-5.951025,46200.0,51.34,244
36.256924,-5.815911,46300.0,52.62,242
31.596151,-16.128048,43600.0,65.8,330
57.946999,22.571787,45600.0,29.59,296
55.95969,-8.12264,39100.0,8.86,176
54.552567,18.738424,45900.0,56.19,297
54.793056,-11.390923,42700.0,9.4,212
55.014297,-11.225049,43200.0,8.81,215
54.106182,-3.113552,39600.0,35.65,202
54.256359,-2.823757,38000.0,45.72,204
54.269382,18.399405,46400.0,55.33,296
54.276199,-26.663233,39800.0,28.7,268
54.354824,-1.895801,38000.0,45.11,207
54.761585,-28.498108,40800.0,21.99,244
54.480129,-27.596315,38600.0,22.17,249
54.354229,-29.426596,41700.0,22.21,233
52.422188,-6.907988,45900.0,26.47,204
53.200562,-26.321997,41900.0,32.38,281
52.18391,-5.871076,39400.0,33.26,212
52.134651,-5.409972,46500.0,37.67,208
51.274124,-0.166445,38100.0,74.64,207
51.772861,-24.116562,40700.0,41.06,273
49.303074,-6.473946,43800.0,49.24,219
49.527119,-35.227936,38300.0,141.24,277
48.219135,-9.432341,37700.0,29.33,240
48.322697,-8.337939,37800.0,33.01,230
48.469513,31.324842,41900.0,23.88,286
47.162766,-18.810135,43500.0,53.97,311
48.174625,32.119488,42300.0,26.28,271
48.276257,32.929733,39200.0,33.03,277
47.140087,-6.585495,37800.0,44.07,199
48.763699,-35.905445,45200.0,124.59,275
47.892082,-35.676476,38700.0,124.82,276
47.952236,-35.731571,39300.0,123.59,275
48.250755,38.905235,39700.0,68.35,242
48.239456,38.919632,39600.0,72.84,241
48.58802,41.780186,42300.0,83.41,239
48.223076,43.20784,38100.0,71.4,235
45.883774,-9.580145,40700.0,23.74,315
47.939442,41.206913,39500.0,74.11,239
45.484776,-18.929096,45700.0,62.73,308
45.406239,-18.756247,46000.0,62.74,307
45.848373,-9.681272,41800.0,30.02,315
46.149204,26.892956,39700.0,25.89,324
46.137241,26.943153,38000.0,29.35,320
47.03183,30.715744,39500.0,20.57,245
46.152176,26.893013,41300.0,24.39,318
46.152359,26.892729,41200.0,24.35,318
45.449772,-18.796545,45800.0,62.69,307
45.917969,-3.316204,38900.0,57.09,197
45.155571,-8.852719,44900.0,33.63,306
45.615608,27.870104,41200.0,32.78,262
45.599304,27.894608,41000.0,33.65,258
45.732559,28.06809,39400.0,33.12,257
45.043911,-4.978833,45300.0,54.62,202
44.099857,-10.180322,45500.0,36.45,306
44.044754,-8.679292,45800.0,37.21,290
43.211479,-7.757475,42900.0,45.63,296
43.81591,28.041315,38300.0,46.75,276
43.84034,28.338459,39300.0,42.49,286
43.83046,31.476095,45800.0,24.5,282
44.545914,-37.719658,39600.0,84.06,282
43.073067,-8.413118,45300.0,38.0,287
43.785522,28.009449,38000.0,47.33,278
43.565594,32.183743,43900.0,27.62,282
43.61816,33.116692,40000.0,34.23,269
41.779037,-21.70084,43400.0,120.25,316
43.058918,34.11097,39400.0,49.71,248
42.984318,35.997639,41700.0,45.84,246
42.232464,33.806732,39000.0,48.39,251
42.861561,35.669724,43400.0,42.22,252
42.834381,35.88372,42600.0,44.77,246
38.390938,-20.650057,41600.0,83.79,315
37.484985,-15.537689,42700.0,75.25,311
39.43821,-39.222084,42000.0,34.38,271
39.104145,-38.909344,44700.0,30.92,279
38.986626,-39.005844,44700.0,37.25,283
37.86853,40.507046,44000.0,32.85,300
36.791729,-15.415376,40600.0,74.59,312
36.84066,17.764202,44500.0,15.34,276
36.628441,21.08551,38900.0,29.07,310
36.952477,35.089935,40800.0,39.33,285
36.058079,-6.005651,44500.0,53.57,241
36.166843,19.88872,41300.0,24.21,300
35.679646,-6.284532,45000.0,61.12,240
34.8027,-12.449199,41600.0,54.25,304
34.88533,-12.288782,38800.0,52.02,304
35.026241,-12.123729,37800.0,51.87,302
34.78574,-12.431219,40600.0,52.56,303
34.821751,-12.316094,41000.0,51.88,304
34.180401,-15.443022,38200.0,72.41,318
31.509535,-16.194698,41700.0,61.81,329
57.243198,-1.115319,39400.0,24.23,183
57.065231,-0.572605,42700.0,26.72,200
56.919132,-1.375652,41500.0,30.75,187
57.203133,-0.819099,41500.0,25.49,192
54.937561,-2.612101,38200.0,43.82,210
54.237717,-5.032765,38100.0,29.46,215
53.709072,-3.834915,41100.0,30.86,207
53.62207,-5.812191,45500.0,28.55,197
53.106686,-2.742281,45600.0,43.34,203
50.374905,-2.13109,37800.0,92.34,201
49.950016,-2.380671,46100.0,88.69,202
49.464428,-3.532379,41900.0,91.25,203
48.321926,-8.034794,39100.0,33.44,228
47.53447,31.213261,39400.0,27.27,259
48.131184,-40.163303,40000.0,117.02,264
47.549904,30.728926,39100.0,26.27,258
48.063839,39.775852,42200.0,82.63,237
48.08902,42.616055,39900.0,62.37,239
46.221382,26.658854,46000.0,24.24,329
46.147381,26.895687,39200.0,25.83,322
46.139294,26.881493,38900.0,27.35,320
45.062439,-27.171644,38200.0,98.18,306
44.912048,-25.991161,38900.0,97.99,308
44.635387,-25.197969,41500.0,123.86,312
44.473175,-24.826826,44200.0,124.36,312
44.089836,-5.759854,40000.0,52.68,209
44.684296,-25.36694,41600.0,121.95,312
44.056026,-4.038411,39000.0,52.75,208
43.166031,-8.667085,44900.0,35.89,288
43.669952,32.017536,42900.0,26.09,287
42.898506,28.2878,39900.0,47.93,287
43.961063,36.877575,38700.0,34.7,251
42.034039,-21.477488,41100.0,124.02,320
42.529732,-21.897665,37800.0,123.32,319
42.660866,28.18693,45600.0,38.17,296
42.604248,-36.552773,39100.0,71.24,279
42.417706,-35.923874,39400.0,70.78,284
40.278912,-2.898639,38200.0,59.48,233
38.660225,-41.786125,43400.0,42.9,259
36.108017,-10.768333,38200.0,56.13,301
37.974491,40.356331,45800.0,34.16,295
36.538021,-5.121539,42300.0,52.42,228
36.518581,-5.244177,42900.0,57.95,229
36.578732,-5.00891,42200.0,51.88,227
35.872097,19.05402,42400.0,24.95,297
36.191071,20.174747,41500.0,23.57,300
37.573547,-41.043606,38500.0,38.97,271
34.870464,-12.261645,40500.0,54.54,310
31.648434,-16.082016,46400.0,65.35,332
60.947117,4.746454,39800.0,58.6,255
59.248428,22.697147,45600.0,35.45,291
59.180023,22.660917,45700.0,33.72,295
57.309433,-28.657269,38700.0,27.81,290
57.437534,-27.145016,42300.0,36.22,297
56.78001,-3.106836,45800.0,19.91,179
58.86113,-37.507698,43000.0,30.23,167
56.222477,24.111555,40500.0,31.67,291
57.267101,-28.676327,37900.0,28.16,283
56.9655,-31.092039,39900.0,19.4,246
57.067379,-32.241127,44800.0,19.23,215
55.545185,-10.82689,43100.0,7.78,213
55.82539,-30.021603,41400.0,23.54,243
55.060783,-26.121429,39900.0,41.1,291
53.997799,-3.522644,39700.0,36.08,201
53.833355,-4.052888,39200.0,34.02,200
54.113411,-2.992767,39800.0,36.94,202
55.442383,-29.823694,41300.0,23.68,248
54.404728,-24.623617,41200.0,33.65,294
53.812717,17.591825,38700.0,83.7,305
53.230175,-25.610224,39000.0,34.04,282
53.21928,-25.594313,38900.0,34.91,279
53.440327,-24.392904,39900.0,41.72,297
52.537605,-23.046762,42900.0,40.77,292
53.036022,-25.300987,39500.0,41.91,285
53.392437,-24.424458,40600.0,38.66,295
52.937759,-23.666357,42200.0,45.24,300
53.351185,-26.915808,43600.0,27.71,256
52.74371,-24.963514,40100.0,38.94,277
52.853413,-26.699526,43000.0,32.74,267
51.53371,-22.915089,41900.0,34.06,293
51.770138,-24.676559,41900.0,39.45,280
51.784904,-24.336922,42100.0,35.34,278
51.622551,-23.341824,41800.0,47.27,288
51.516956,-22.90139,42100.0,31.39,289
51.489872,-23.363792,43000.0,40.99,281
49.254658,-7.21711,43900.0,35.25,230
49.054363,-8.868916,44600.0,34.72,232
48.521091,-7.60641,38400.0,34.23,224
49.538189,-36.307682,39300.0,134.92,273
49.528538,-36.288475,39200.0,134.51,273
48.18684,29.872757,41600.0,17.5,272
48.080311,30.540445,40100.0,21.11,275
48.306339,-34.853001,38400.0,130.0,277
47.117069,-18.805199,44100.0,54.16,311
47.126545,-18.76705,43500.0,54.81,310
47.129002,-18.767704,43500.0,54.71,309
48.284893,-39.110607,38900.0,127.68,262
47.878162,-35.667641,38800.0,123.44,275
47.114544,-18.859482,42800.0,49.62,308
47.149094,-18.779182,43400.0,56.06,311
47.187542,-18.689819,44000.0,61.24,312
47.993664,38.639153,39100.0,79.44,236
47.987541,38.682877,38800.0,81.25,236
47.975883,38.756493,40300.0,82.28,236
48.170734,41.18824,39300.0,76.15,238
46.915333,-18.777809,42800.0,51.06,308
46.92083,-18.729643,42900.0,54.77,312
46.954346,-18.7391,42900.0,56.05,311
46.697781,-6.710167,41500.0,47.13,195
45.808716,-10.265428,38100.0,26.15,300
46.032448,-8.781845,42700.0,25.64,306
47.84697,42.551422,38400.0,56.36,238
47.873096,42.822525,38600.0,61.03,236
45.89151,-9.077769,43400.0,29.31,317
47.688526,40.467979,38300.0,75.91,236
47.719482,-35.666065,37900.0,122.7,275
45.792885,-9.681738,42200.0,30.26,316
45.750084,-9.699181,41500.0,32.82,315
46.144958,26.901522,37900.0,29.41,320
45.07373,-10.458698,41100.0,26.48,307
46.14632,26.900391,39100.0,26.85,318
45.361412,-18.890829,45100.0,60.69,310
45.485126,27.7335,41600.0,33.43,271
44.795391,-25.569139,39900.0,122.32,311
44.693584,-25.639982,40900.0,105.96,311
43.12711,-8.406897,45400.0,40.17,286
43.822147,27.978409,37900.0,41.32,270
43.102604,-22.370876,42600.0,122.78,318
43.708054,31.555372,44400.0,24.7,288
42.321945,-21.287886,38300.0,125.71,320
43.074547,28.092602,40100.0,43.38,292
42.662369,29.099539,43100.0,47.89,284
43.092949,32.269039,40000.0,24.47,290
43.784054,36.471382,38600.0,40.36,247
41.7295,-21.684212,42000.0,120.42,316
41.713337,-21.625456,42100.0,119.87,316
41.533501,-21.331839,43900.0,120.52,317
41.533798,-21.458899,40900.0,118.26,316
41.925274,-4.753746,37800.0,68.59,208
41.199787,-20.413254,38300.0,123.22,320
42.885315,35.953751,42600.0,42.58,245
41.563881,-4.859839,38400.0,58.58,211
42.690327,35.747295,44700.0,44.79,244
41.286709,-5.087918,37900.0,64.5,200
41.373028,28.904959,38900.0,55.54,298
41.009304,-25.222866,42700.0,95.71,317
41.012012,-17.752012,40500.0,57.58,311
40.937153,-17.402042,41600.0,58.31,313
40.911301,31.935371,39500.0,54.51,289
38.022259,-13.405163,41300.0,62.56,298
40.043293,-39.548046,39800.0,50.01,269
40.153687,-37.39061,40000.0,41.95,278
38.02206,-13.391427,42600.0,62.4,298
39.445759,-40.691833,43700.0,44.63,262
37.905781,-4.088881,41000.0,70.94,227
39.343998,-40.810162,40600.0,43.81,262
37.306599,15.538426,43700.0,14.61,274
39.099743,-39.621784,38100.0,41.29,269
37.588631,-4.552683,41700.0,70.05,228
36.374325,-5.566031,46000.0,53.87,239
37.552891,-32.754585,44800.0,35.9,301
36.579235,6.459177,43300.0,26.79,264
37.456806,-32.685303,43400.0,32.85,308
36.214962,19.229418,45300.0,24.52,296
36.616131,22.039871,38100.0,27.25,317
35.997849,-10.456774,42000.0,52.94,303
35.86216,7.668207,40000.0,23.7,284
36.169312,19.261917,45200.0,24.77,297
35.619324,-6.338038,44400.0,54.3,241
36.336121,29.43869,39700.0,53.37,282
34.792278,-12.479484,41200.0,51.39,310
34.878994,-12.363561,40900.0,52.39,303
34.713364,-19.432703,40500.0,72.03,330
34.737347,-12.487357,40700.0,51.86,303
35.015282,20.086353,38700.0,23.33,293
34.660709,-12.464199,41600.0,56.13,305
34.429295,-12.550035,44800.0,52.62,303
34.158676,-15.392136,38000.0,72.52,318
31.56111,-16.226721,42300.0,66.08,330
31.554346,-16.22534,41200.0,66.56,329
60.102303,11.804039,44600.0,28.22,266
60.016613,12.423039,42000.0,28.43,265
56.801098,0.664455,41700.0,36.87,220
56.735195,0.495231,45900.0,27.2,206
56.385258,-1.446202,40300.0,35.92,200
56.573967,-1.688809,41100.0,34.79,201
54.628933,-4.286857,43300.0,30.37,209
54.410034,-4.283354,38400.0,36.79,205
54.22546,-5.699338,46100.0,29.13,198
53.744205,-5.659811,43400.0,30.55,200
53.533367,-3.974319,41300.0,33.21,206
52.3409,-1.62683,39200.0,92.37,205
52.35165,-6.462296,37700.0,26.67,198
52.405254,-0.647503,38800.0,82.03,206
50.011982,-2.359301,46500.0,88.79,202
49.498302,-2.54308,42800.0,87.47,202
49.886585,-2.154185,39000.0,88.09,202
49.819424,-3.437227,46400.0,94.15,203
49.190674,-3.813209,39600.0,66.02,207
49.462524,-3.528242,43400.0,93.02,203
49.154564,-3.764348,38800.0,59.22,205
48.525608,1.374219,38800.0,63.0,212
48.400627,-7.745327,39800.0,34.13,226
48.612232,-7.444554,38200.0,34.83,220
48.465897,-2.538909,38000.0,66.15,204
49.440876,-34.789181,39900.0,137.86,277
48.302105,-7.500775,42000.0,45.4,221
48.662643,-3.057228,40700.0,76.78,205
46.959438,-6.767161,41100.0,43.55,196
48.216404,29.336189,45100.0,12.84,312
48.30267,30.627396,42900.0,23.29,284
48.348522,31.987333,39400.0,27.4,278
48.062057,29.70442,40100.0,20.68,261
48.92355,46.591164,41100.0,65.49,237
46.243061,26.744734,45800.0,22.66,322
46.233517,26.711309,46200.0,22.73,319
48.195339,40.95536,39200.0,83.27,238
48.215328,41.166634,39000.0,82.46,238
45.630512,-4.308556,38000.0,48.26,201
46.151287,26.888693,38900.0,26.95,318
45.676468,-5.657596,44100.0,52.05,213
46.176369,28.386406,38900.0,32.39,258
45.673302,-10.529824,44700.0,27.94,306
45.282799,-8.729831,42400.0,32.54,309
46.150276,26.891979,39100.0,26.56,322
45.903393,27.164585,37800.0,26.03,318
43.879868,-6.030782,39600.0,67.9,203
45.733452,34.274361,40700.0,22.17,263
44.107067,-9.709888,44500.0,34.29,307
44.76667,-25.752478,40500.0,93.98,309
43.997517,-9.623463,45500.0,32.48,305
44.223179,27.709181,39700.0,39.8,267
43.839745,28.010044,37900.0,42.81,264
43.338856,33.984776,39300.0,41.91,263
41.697365,-5.732084,38800.0,56.8,217
41.480209,-3.573222,45900.0,59.98,232
42.546326,28.720144,41500.0,54.78,286
40.957611,-2.4942,38200.0,67.01,224
42.777531,-36.568493,40600.0,71.21,283
41.29705,-5.213358,37900.0,62.59,209
40.60508,-3.019699,40200.0,59.42,229
42.14991,28.937277,38900.0,59.09,286
40.237953,-3.243177,40200.0,69.54,229
40.144985,-3.052423,37700.0,70.15,228
40.130051,-2.985048,37700.0,70.95,227
41.082573,-3.635437,46000.0,58.38,227
40.710484,27.261557,37700.0,79.48,311
41.005787,31.894562,38000.0,54.65,275
40.116425,27.840166,39900.0,70.11,312
40.505188,28.316133,38600.0,71.63,307
40.272148,27.467829,39500.0,72.71,314
38.551125,-4.086964,39400.0,79.54,229
40.241451,-40.594929,42000.0,44.69,262
39.25132,-40.828136,38800.0,41.14,259
36.977478,-14.47828,41700.0,66.05,311
36.81144,6.460409,45200.0,26.26,260
36.856525,-15.31327,40300.0,74.41,314
37.650066,39.101444,43700.0,31.46,299
36.026684,-6.112323,45900.0,56.77,239
37.809841,-41.135563,37700.0,38.06,271
35.936527,18.348028,43100.0,24.47,289
35.50605,-12.195771,39700.0,53.78,303
36.196121,29.952667,39200.0,55.86,282
36.218433,30.05777,42200.0,57.0,282
34.519905,-18.970036,40500.0,67.55,327
34.650684,-19.288784,41300.0,69.38,328
34.26104,-15.288257,41500.0,74.66,317
34.701355,-19.42832,38800.0,71.34,330
62.854706,-11.772112,44100.0,11.17,252
63.051819,-11.567846,44400.0,9.69,249
62.552887,-12.243907,43600.0,12.11,263
62.647293,-12.0205,43700.0,11.37,253
62.842461,-11.455246,42700.0,9.93,249
62.745678,-11.617451,43300.0,9.91,260
62.448708,-12.119052,42300.0,12.14,269
62.575878,-11.989552,43000.0,9.96,267
61.065922,5.284612,42900.0,49.77,256
61.058182,5.608809,39900.0,57.49,259
60.853794,8.475559,46200.0,47.29,263
60.857445,8.651079,46500.0,45.24,263
60.837135,9.135236,45400.0,44.82,261
61.143253,-13.753339,44100.0,6.25,274
61.146435,-13.690789,43800.0,5.75,263
61.151558,-13.762643,44400.0,5.19,278
59.58453,21.702785,46200.0,42.39,287
59.487415,21.981319,45600.0,40.71,292
59.458755,22.422869,45100.0,36.86,293
58.446018,-10.347567,41500.0,17.54,201
59.446625,22.059895,45600.0,40.1,292
59.275558,22.310894,45600.0,35.37,289
56.96022,0.311959,42800.0,27.06,204
59.153118,-37.228348,39400.0,27.61,166
56.743317,2.469039,41900.0,44.86,219
56.250771,23.946108,40400.0,31.6,289
56.214123,24.141138,40500.0,31.23,292
57.392227,-32.62413,44400.0,20.43,204
56.747162,-27.685509,41700.0,30.02,295
55.240082,18.827074,40200.0,78.37,309
56.236366,24.009174,40200.0,31.19,290
56.21785,24.132408,40400.0,31.05,292
56.213482,24.161613,40400.0,29.55,295
56.671131,-31.071371,41400.0,24.04,235
56.004234,24.599291,46500.0,29.47,295
56.208202,24.14636,40600.0,31.57,292
55.34663,-26.043447,40700.0,36.83,287
54.24371,-2.84337,39500.0,36.79,202
55.819077,-30.17289,41600.0,23.73,238
55.197231,-29.027401,40100.0,22.25,242
54.748447,-11.277352,42700.0,9.03,213
55.34399,-29.449751,41100.0,22.68,240
54.48143,-27.425407,38800.0,23.96,249
55.130795,-24.840469,45900.0,42.36,295
55.08638,-28.855513,40100.0,21.83,242
55.139778,-29.501833,42500.0,23.13,246
54.259106,-27.266623,38600.0,23.43,249
52.366165,-6.105713,37900.0,28.62,207
53.206005,-24.640211,39800.0,37.17,279
52.664417,-23.744028,43700.0,42.37,296
52.133793,-5.891626,41700.0,34.47,211
52.695171,-25.08156,40100.0,40.45,280
52.527355,-23.136332,43100.0,43.0,294
52.345142,-24.4793,42700.0,40.13,278
52.111248,-23.707287,38900.0,40.25,291
52.358559,-26.883545,46500.0,29.85,263
51.70985,-23.299404,40900.0,40.51,295
49.756107,-3.4566,46400.0,93.6,204
51.395435,-25.349672,45800.0,34.6,283
49.350819,-7.015913,43200.0,35.5,230
49.270824,-3.343966,39800.0,86.06,202
49.125366,-5.157408,44800.0,60.44,217
48.892326,-7.283272,38700.0,34.6,225
49.471909,0.874799,39200.0,62.37,211
48.616325,-9.149693,38600.0,37.26,229
48.992203,-7.019626,39000.0,46.92,224
49.136909,-6.375527,42300.0,49.1,218
51.356094,39.36681,45700.0,26.25,292
48.584373,-7.665211,39200.0,34.09,228
49.002102,-6.952571,38600.0,47.69,219
48.939926,1.168887,38800.0,62.82,212
49.745136,-36.921261,39000.0,138.12,272
49.177914,-32.78883,38200.0,135.59,281
49.457325,-36.036137,38100.0,135.17,272
49.481464,-36.1819,38600.0,134.39,272
48.389408,-7.678639,40400.0,36.37,225
49.344898,-43.190716,38700.0,175.33,259
47.516151,-18.941412,43300.0,59.72,315
48.353706,32.931644,39300.0,31.52,280
47.355225,-18.83411,43800.0,53.92,311
48.272572,34.068085,43400.0,33.38,279
48.288074,-35.893127,45700.0,125.41,276
48.171131,32.771065,39000.0,34.58,276
47.874599,31.975296,39900.0,25.13,268
47.215469,-18.689175,44200.0,59.59,310
48.190426,39.229572,41800.0,79.88,238
48.200592,39.380634,43300.0,83.54,238
48.320641,-39.058479,41100.0,127.68,261
47.851219,-35.684593,37900.0,125.9,276
47.170879,-18.78277,43500.0,54.37,310
48.21199,41.195526,39300.0,79.38,238
48.240959,-39.148037,38800.0,120.33,262
48.310047,-38.941658,40500.0,111.02,260
47.723946,37.940853,39000.0,73.74,238
46.05455,-5.728934,37800.0,59.09,196
47.432056,29.160707,38600.0,18.9,258
47.770016,40.717655,38500.0,70.48,238
46.199898,26.83013,41400.0,26.16,315
46.194656,26.828186,40200.0,30.33,315
45.49931,-19.085127,42600.0,67.12,309
45.634827,-10.327546,38300.0,26.72,304
46.216366,26.730886,45500.0,23.5,317
47.417763,-34.72781,41700.0,125.19,278
45.251465,-10.552364,42000.0,28.42,310
45.692867,-8.929701,45400.0,32.12,316
46.22831,26.661081,45600.0,25.13,329
45.430752,-18.901512,45800.0,62.82,307
45.133434,-10.727517,45100.0,35.76,317
45.55925,-9.844958,40800.0,31.78,309
45.348351,-9.117718,45300.0,33.59,313
45.040878,-10.62847,43200.0,31.19,312
45.866085,34.259914,40100.0,22.43,257
44.171207,-9.578791,43400.0,34.16,307
43.895103,-6.294211,39100.0,68.04,202
43.663082,-6.079229,37700.0,65.58,201
44.941368,-27.582012,40500.0,86.9,303
44.795467,-26.499249,45900.0,89.31,308
43.419006,-7.797663,45100.0,42.41,290
44.743401,29.00008,38200.0,34.88,264
44.74192,-27.19282,46500.0,89.59,308
44.040169,28.250355,39700.0,39.93,270
43.811668,27.972254,37900.0,43.47,264
44.438686,-28.534348,42600.0,95.67,307
43.818077,33.003849,44500.0,30.5,271
42.534645,-4.113008,41600.0,56.89,214
42.418823,-3.931237,41800.0,64.51,214
44.727692,38.834675,38300.0,39.0,242
43.512959,32.764153,44700.0,28.32,280
42.458916,-4.036158,42100.0,65.13,213
42.307102,-3.829142,40100.0,65.34,217
43.101322,28.264221,38500.0,48.35,286
42.865417,28.855637,41100.0,46.68,288
43.489418,32.882622,44100.0,29.22,279
43.525745,35.901192,40100.0,45.37,245
42.482227,-21.326435,39200.0,129.11,320
42.001347,-4.597224,39300.0,69.99,206
42.189636,-3.913919,42400.0,58.32,219
42.598839,29.040556,42500.0,54.4,282
41.745068,-23.208887,38500.0,109.46,316
41.858902,-21.76766,43800.0,118.69,315
41.885456,-4.589048,40200.0,70.09,209
41.599796,-24.456684,44600.0,102.79,310
41.589695,-24.319275,42700.0,109.32,316
41.770374,-21.735689,42400.0,119.59,316
41.765656,-21.732229,42300.0,120.44,316
41.768284,-21.73518,42500.0,120.54,316
41.739777,-21.696609,42600.0,120.41,316
42.473736,29.211903,44800.0,49.27,283
41.734863,-21.692678,42700.0,120.18,316
41.401463,-25.003487,46300.0,100.82,312
41.311108,-4.695287,42100.0,64.41,217
41.136787,-25.176821,42200.0,100.28,313
41.089859,-25.010597,38800.0,100.01,312
41.080498,-24.927143,38000.0,102.53,311
41.51189,-21.558832,41200.0,118.53,315
41.496956,-21.504847,40000.0,119.33,315
41.555607,-21.542477,40600.0,119.52,315
41.186531,-20.972038,44300.0,119.25,316
41.423115,28.779039,41100.0,55.41,298
42.222393,33.872211,38600.0,47.71,253
42.269669,34.677917,42700.0,42.28,253
42.674858,35.896927,44800.0,40.42,244
41.069691,-25.494068,46500.0,99.23,314
41.077911,-25.379169,45200.0,100.7,314
41.03458,-25.195581,41300.0,98.95,314
41.04018,-20.732075,39500.0,125.05,317
42.112587,34.001549,40200.0,44.2,265
42.315781,38.005859,40900.0,51.98,246
40.882652,-17.427942,41100.0,51.26,311
40.107456,-5.05619,45900.0,51.68,225
40.129108,-2.958225,37700.0,71.37,225
40.942661,31.578964,37800.0,62.9,276
40.975399,31.805098,37700.0,54.67,276
41.057465,31.970512,37700.0,62.02,277
40.953224,31.789669,38500.0,60.74,279
41.52692,46.896553,46400.0,7.77,284
40.847557,31.488842,41500.0,63.35,284
38.868694,-3.569108,40300.0,67.83,226
40.2967,27.660709,38400.0,72.18,312
40.11026,27.919479,40500.0,70.16,311
38.870205,-3.321946,40000.0,75.29,229
38.756966,-3.148558,39200.0,74.55,229
40.418873,30.055006,45600.0,67.08,280
40.049671,27.90909,42900.0,69.45,311
38.786163,-3.30349,39400.0,74.5,230
40.271297,-37.589287,38400.0,43.79,282
40.175022,-37.672661,46500.0,42.75,278
40.163277,-37.540024,41900.0,44.76,280
38.970619,-26.992203,45400.0,80.02,315
38.365498,-15.799974,45500.0,80.96,309
38.775826,-27.057446,43000.0,74.1,316
38.879616,-26.992069,46300.0,79.81,317
38.811409,-23.081558,39300.0,70.07,308
38.784828,-23.105688,41800.0,73.46,305
38.776699,-22.997843,41000.0,62.84,309
38.708851,-21.385954,44700.0,82.86,311
38.679996,-20.726921,37800.0,88.44,314
40.092533,41.462631,37800.0,29.42,279
39.386417,-39.294388,42900.0,39.3,273
39.524391,42.062527,43300.0,27.56,284
39.212311,-39.30508,44300.0,39.43,267
37.904785,-13.361814,42500.0,61.47,297
37.746941,-4.067214,41100.0,70.02,230
39.082615,-39.203918,44200.0,36.68,264
38.104458,-19.780867,42000.0,94.62,316
39.186539,-40.422501,44000.0,41.32,260
37.183723,-12.918272,45200.0,59.15,297
38.941708,-41.894451,46000.0,44.93,260
38.959621,-41.703003,42300.0,42.98,259
39.167068,41.683514,44100.0,32.88,296
37.398914,-23.591419,45500.0,84.52,322
37.295002,15.287729,46000.0,14.53,279
38.246361,40.576756,46500.0,33.21,296
37.154118,-16.092236,43100.0,75.24,310
36.502094,-5.306162,42900.0,58.4,235
37.789745,-41.282192,45700.0,42.42,269
37.685337,-32.548836,46200.0,39.0,306
38.040245,40.511486,44700.0,34.31,295
36.538631,-5.070429,41700.0,52.8,227
37.174244,34.996315,43500.0,41.59,282
35.98127,-6.106076,44900.0,53.82,243
36.20676,-5.749623,45800.0,53.26,239
36.402439,-5.26702,45200.0,62.24,225
35.966415,7.74467,41000.0,20.8,280
36.19101,18.911953,44700.0,24.23,294
37.079155,35.94886,42600.0,33.35,286
35.960918,18.467724,43000.0,24.86,292
36.33651,28.277885,37800.0,63.68,281
36.333553,28.27961,38000.0,62.83,282
36.936626,35.152397,43000.0,39.26,288
37.076336,35.918713,43400.0,32.75,287
35.4459,-6.423993,45500.0,54.15,240
36.192139,20.185741,44200.0,27.21,303
35.395618,-6.476096,45400.0,53.37,239
35.659603,22.44381,38000.0,25.72,311
34.698395,-7.512605,44300.0,41.39,243
35.627426,23.377678,37700.0,29.37,307
34.493484,-18.161547,38700.0,70.79,321
34.588623,-7.535317,45900.0,40.93,240
34.719688,-19.436922,40600.0,71.86,331
34.951862,-11.727437,38100.0,50.98,302
34.719563,-19.437166,40800.0,71.9,330
34.258526,-14.743272,41800.0,72.27,317
34.267822,-12.562411,43600.0,51.88,303
34.009926,-15.872565,46000.0,72.68,320
31.611895,-16.113178,44100.0,65.66,330
31.50561,-16.166306,41900.0,61.87,330
53.739548,-6.070321,37700.0,28.0,202
48.350071,38.189205,39100.0,73.72,238
57.209785,-3.307161,39800.0,28.49,165
45.737534,-5.485065,38400.0,69.37,195
53.310501,-5.319924,38000.0,28.62,204
48.033855,38.942364,39100.0,82.63,233
53.890259,-3.570461,40300.0,35.46,200
47.603336,1.074003,40000.0,68.06,207
51.167767,0.12547,38000.0,70.12,204
46.837528,30.779819,40100.0,26.16,243
49.374443,-2.991796,37800.0,92.06,204
53.456894,-4.393475,41600.0,33.19,203
57.389072,-2.912405,40300.0,24.09,170
53.984673,-4.253829,39600.0,34.7,199
54.510632,-2.835316,38800.0,37.53,200
53.637657,-4.498517,38500.0,31.94,199
53.635735,-4.383672,40300.0,31.79,201
54.021126,-3.696482,40600.0,34.04,204
53.399929,-4.678781,42600.0,32.65,201
53.317329,-3.904788,43800.0,34.86,210
53.578316,-4.066356,41900.0,32.17,206
47.530548,0.921604,38600.0,66.56,207
47.901127,-38.155327,40100.0,126.3,266
43.746788,35.144287,39600.0,43.38,241
53.414631,-6.002592,39000.0,27.2,206
53.477234,-4.585836,40500.0,32.76,200
44.690258,-10.003753,41800.0,34.39,311
44.202091,-9.263453,44400.0,33.99,304
54.153008,-5.294593,38900.0,33.95,198
53.552261,-4.210211,41200.0,32.56,203
47.285645,31.434763,40100.0,27.45,260
44.629837,-10.235132,42500.0,26.86,309
44.443848,-10.101999,44300.0,32.3,309
44.256435,-10.249828,44700.0,29.88,309
47.980312,40.818775,38200.0,80.2,234
53.795509,-4.429149,38600.0,33.76,199
53.789982,-4.238786,40300.0,33.96,200
48.609188,0.814458,38300.0,66.91,212
48.216953,0.895436,39300.0,68.07,208
48.198414,39.093487,44900.0,82.63,236
57.522758,-0.541985,38900.0,27.08,202
53.308231,-3.9485,45200.0,35.02,211
48.187862,38.973969,39500.0,82.49,236
43.400055,-7.96253,41900.0,40.68,287
43.190319,-7.773082,40800.0,41.1,286
44.594501,-4.533196,40000.0,64.15,199
44.561501,-5.455144,40700.0,61.85,205
44.260441,37.359394,39200.0,35.22,250
42.714092,33.886665,40400.0,44.0,251
42.822697,34.966743,40000.0,41.9,253
57.488365,-2.446837,38000.0,28.64,168
49.005077,-8.023123,39700.0,33.98,230
46.528992,30.379622,38200.0,25.74,242
44.346409,-9.208866,43700.0,35.13,306
47.960999,42.552292,38800.0,66.46,235
44.017857,-8.919139,43700.0,34.44,289
43.062664,-8.61576,45900.0,37.78,290
43.116295,-7.926615,44700.0,43.92,285
45.265091,-4.901682,40100.0,60.0,200
44.308979,37.229092,38700.0,40.86,247
44.04121,37.188679,40500.0,36.8,249
57.45575,-2.48961,38100.0,27.81,166
56.967514,-2.351643,42800.0,29.57,167
53.639427,-4.860283,38400.0,32.55,198
53.244587,-4.012623,46300.0,35.7,210
48.706539,-9.058798,38800.0,33.76,229
47.720188,31.864527,38900.0,27.64,265
47.252396,31.633102,38800.0,26.46,262
44.655441,-10.115191,41800.0,30.25,307
47.68399,38.16349,38500.0,74.94,237
44.079609,-8.758958,44000.0,34.12,294
43.069675,-8.206723,45900.0,39.69,287
42.99065,-8.481393,46000.0,38.15,288
43.147766,-8.179173,45200.0,40.14,284
42.852573,-8.764638,46500.0,36.97,290
42.851192,-8.570919,46500.0,35.02,291
44.418678,-5.196141,39500.0,63.99,200
42.237785,15.536638,38700.0,27.1,296
43.529514,36.465057,42000.0,40.88,247
43.131706,35.877514,39100.0,41.83,253
42.727791,35.048939,41200.0,41.1,252
38.967426,-41.683628,38300.0,43.88,260
37.710449,-40.998226,38600.0,36.15,270
36.462761,-5.390549,45100.0,62.09,236
57.298798,-2.992587,41500.0,21.16,172
57.150692,-2.684047,43200.0,25.58,169
56.850929,-1.912753,43100.0,32.81,173
53.680157,-3.833986,41700.0,32.73,203
53.278629,-4.037607,44100.0,34.96,209
52.1535,-6.456324,41100.0,28.07,211
48.945,3.192466,37700.0,65.5,212
46.101601,27.038816,38600.0,26.29,323
46.099621,27.044565,38500.0,27.12,320
45.770397,-9.012864,45300.0,34.4,314
44.476833,-8.828808,45000.0,36.46,305
44.085934,-9.613115,44400.0,33.32,309
43.193012,-7.933906,42600.0,42.73,287
43.182846,-7.812646,42000.0,46.76,297
38.563522,-4.000907,38700.0,79.86,227
54.123745,-2.237122,39900.0,45.11,205
53.37854,-3.855285,44100.0,35.06,205
52.576721,-5.644376,40400.0,31.05,211
52.267284,-6.65758,39600.0,26.37,210
52.216846,-6.459049,38500.0,28.88,212
52.168678,-6.141705,38500.0,30.81,215
52.106266,-6.140309,42400.0,31.47,214
49.680992,-3.491898,38000.0,83.39,203
47.78524,31.49069,38900.0,29.0,262
45.768375,-9.389908,44500.0,33.75,315
45.022072,-9.593939,46000.0,35.36,309
47.887302,42.660439,38500.0,67.27,234
47.321514,37.710369,38700.0,83.59,231
44.304855,-9.920868,43500.0,34.14,310
45.633015,-3.402945,40500.0,61.85,198
43.927654,27.668537,40400.0,39.63,271
43.610058,31.857378,41900.0,26.49,285
43.334534,35.514996,40500.0,41.27,252
43.218117,36.295479,43400.0,37.17,250
42.985371,35.713558,41900.0,41.79,249
40.901215,31.94293,38000.0,61.3,279
40.779469,31.927275,40800.0,60.08,286
38.6297,-3.902417,40900.0,79.79,226
37.390694,-4.440969,41400.0,68.75,228
57.369785,-0.473434,40200.0,25.51,202
54.390388,-4.882532,40500.0,29.52,208
54.101509,-3.485728,38400.0,36.96,200
53.968342,-5.504301,39000.0,31.61,196
53.93821,-4.246054,38000.0,34.01,201
53.953838,-3.688917,39500.0,36.2,199
53.97493,-3.480686,39800.0,35.32,200
53.850311,-4.001944,40000.0,31.34,203
53.203148,-6.069741,42400.0,25.82,205
53.952599,-3.228074,42800.0,36.33,201
52.477257,-6.780786,39600.0,29.25,209
52.477337,-6.780879,39500.0,28.04,208
52.177261,-5.911874,38100.0,32.17,218
48.864429,-8.744966,40500.0,33.89,226
48.757355,-8.661699,38000.0,32.9,225
48.947453,-8.278834,39300.0,33.63,227
48.646652,1.491227,37900.0,67.91,213
47.99979,31.498886,41900.0,30.63,258
46.210098,-9.270983,42000.0,27.86,312
46.122871,26.93837,38900.0,25.15,324
45.734287,-9.530794,42600.0,31.1,317
46.828526,31.439083,40900.0,26.84,258
45.486687,-9.68355,40800.0,35.74,312
45.364315,-9.306001,46500.0,35.53,311
44.928059,-8.692457,44000.0,37.22,305
47.990425,40.810791,38700.0,83.85,236
44.984394,-10.38551,40900.0,26.45,306
44.929413,-10.344484,42700.0,31.2,308
44.086086,-9.729747,44600.0,33.24,309
43.664974,31.799263,41800.0,26.85,284
43.676064,31.686674,43300.0,26.76,285
44.018612,37.221455,41100.0,31.78,253
43.476845,34.063526,38200.0,46.86,253
42.788212,33.978519,40400.0,48.34,248
40.777187,31.113325,38400.0,64.75,282
40.738392,31.169872,38800.0,62.88,283
38.195721,-4.070134,40200.0,75.05,226
35.972672,-10.632964,38200.0,55.97,303
46.685452,28.9489,38000.0,31.35,250
46.595547,28.976404,37900.0,34.48,251
57.063988,-3.208716,45300.0,21.42,172
54.351875,-2.739385,38600.0,44.55,202
53.496868,-2.99199,45700.0,37.41,200
52.213676,-6.274958,38300.0,30.13,213
52.124485,-6.158215,42300.0,32.41,214
48.586647,-9.079625,38100.0,33.54,225
47.857601,30.915543,38300.0,28.83,257
46.069881,-8.793313,43100.0,29.7,310
48.426311,46.459351,37900.0,71.24,231
44.94297,-10.167849,44800.0,33.84,310
45.300385,-3.5878,40800.0,67.75,198
44.61002,-4.475542,39000.0,59.68,203
43.769444,-9.866804,43900.0,33.4,308
43.837864,-9.576888,42800.0,33.37,306
43.930084,-9.389983,44900.0,35.99,293
44.527447,27.786251,38900.0,40.59,265
44.077263,27.672226,40100.0,40.69,265
43.562057,27.398533,45400.0,46.64,306
44.355778,37.816914,41100.0,34.54,257
43.737083,36.793526,41100.0,34.2,251
42.249916,33.840389,38600.0,46.35,252
42.146915,33.836308,38900.0,47.02,252
40.174995,27.645082,39500.0,74.6,313
40.861771,-5.177466,42400.0,64.06,211
40.341572,-2.800174,40000.0,72.49,226
38.551414,-3.961764,40500.0,80.86,226
38.025768,-4.21796,43400.0,70.84,227
37.931068,-4.245784,43700.0,69.84,227
37.755066,-4.321944,42400.0,70.07,224
38.008945,-3.876513,40700.0,67.05,228
36.012074,-10.743351,38500.0,55.19,303
35.326675,-6.462928,45100.0,51.83,237
35.325069,-6.454283,44000.0,51.82,238
35.371964,-6.465437,46200.0,48.02,240
35.356194,-6.483107,45900.0,51.31,234
28.91077,1.966919,38700.0,19.53,257
41.512371,-5.678484,42900.0,57.1,219
37.993687,-4.57076,42300.0,57.69,235
57.345818,-0.795339,39200.0,24.51,193
56.887428,-1.481857,42500.0,31.01,184
55.099178,-2.524711,42800.0,32.07,202
54.578938,-4.573294,46000.0,30.3,211
54.56588,-4.31244,43400.0,33.09,206
53.448883,18.023766,37700.0,84.44,311
53.545307,-2.205309,44400.0,42.63,206
53.581947,-2.665117,45300.0,42.66,204
53.345627,-5.114419,45300.0,31.15,203
52.142796,-5.902781,39700.0,31.88,217
50.223671,-2.140712,39200.0,90.93,202
48.306992,31.511433,40100.0,29.06,268
47.800087,31.082655,39400.0,30.15,259
47.485126,31.385311,39200.0,28.55,259
46.106533,-8.97918,42900.0,30.53,311
47.230362,30.761528,38300.0,22.41,243
45.759888,-9.904532,38300.0,27.15,307
45.504517,-8.860086,45800.0,32.96,311
45.791885,-8.660423,45300.0,27.06,311
45.17807,-10.61196,42900.0,25.57,302
45.828587,-3.939732,38000.0,53.57,200
45.57201,-5.151644,40000.0,68.12,196
44.605499,-4.498839,38800.0,62.36,203
45.190578,-3.736167,38600.0,78.89,196
43.135612,-8.170267,44900.0,40.32,283
44.929333,-3.731686,39800.0,73.72,199
43.041267,-8.455587,45800.0,37.66,289
43.733891,36.197258,41100.0,41.9,247
43.987804,37.909176,39300.0,35.83,257
43.241264,34.083561,39800.0,49.46,248
43.119926,35.554974,41100.0,43.58,251
41.047646,-25.26021,37900.0,93.9,316
41.551247,-5.588874,37800.0,63.09,210
40.763866,-3.163188,42900.0,60.65,226
40.942253,-3.826032,46300.0,69.37,229
40.311527,-2.963262,38500.0,71.02,226
40.998104,31.663424,38600.0,61.28,281
40.849464,31.740604,39000.0,60.01,285
40.515686,31.507425,45100.0,59.69,286
40.515835,31.673603,46000.0,51.79,295
38.492321,-16.016268,38100.0,77.67,309
38.486717,-15.994385,37800.0,77.67,309
37.824966,-4.485061,43500.0,67.72,232
38.215836,-4.000978,40400.0,74.07,224
38.076153,-4.075651,40500.0,73.67,223
37.928608,-4.161481,40900.0,69.89,228
37.566929,-4.518377,40100.0,69.04,228
37.903572,-4.082194,41100.0,68.09,227
36.076958,-10.876196,38700.0,55.37,303
36.053143,18.577131,42200.0,26.29,287
35.745716,18.860559,41000.0,28.19,293
35.337559,-6.508202,46000.0,51.31,234
35.181896,-6.656524,45800.0,51.5,237
30.896364,-27.253,41100.0,26.97,321
30.161053,-9.366972,38300.0,45.24,220
28.907038,-13.79829,38100.0,65.1,352
29.171349,1.807897,38200.0,24.48,249
28.934761,1.720963,38300.0,23.3,234
28.421612,-11.23081,38500.0,26.07,272
41.94228,-5.87771,38500.0,70.96,194
56.948013,-0.951394,43700.0,24.6,189
56.695568,-7.802217,41400.0,13.33,166
55.581009,2.693455,42800.0,82.57,220
54.505936,-4.151083,42900.0,33.32,202
54.309917,17.715635,37900.0,83.77,308
54.200191,-2.97386,38800.0,37.24,201
53.569767,0.935213,38000.0,86.78,211
52.570389,-6.543521,37800.0,26.76,209
52.917419,-5.973743,38500.0,27.29,209
52.730316,-1.120209,38900.0,93.3,207
52.280991,-1.090193,37700.0,90.36,206
52.140144,-6.228009,42500.0,30.97,215
52.129971,-6.075318,42200.0,34.43,215
48.666241,-9.01231,38800.0,33.13,226
48.809017,-7.876184,39500.0,33.95,229
49.166168,-6.740469,40300.0,47.96,219
48.702133,3.522373,38200.0,61.95,216
48.271202,30.813065,42100.0,29.19,274
48.373703,32.912212,40300.0,32.44,280
48.232742,32.76873,38200.0,31.69,277
47.949661,30.975325,39600.0,27.87,257
48.025875,32.108879,40300.0,27.98,266
48.361153,41.401993,39600.0,84.05,239
48.265545,41.421177,38100.0,74.82,237
45.458752,-18.855917,46200.0,61.4,311
45.945759,-9.111046,44100.0,32.93,315
47.045692,30.717905,39100.0,22.73,243
48.098427,-38.928757,40000.0,127.5,267
45.783821,-9.802216,40200.0,30.05,311
45.411938,-18.714251,46400.0,59.41,310
46.114845,26.852016,38700.0,26.55,322
46.657036,30.605951,39100.0,26.07,242
45.418152,-18.940039,45900.0,55.25,311
44.988644,-10.388411,40900.0,24.54,304
45.25935,-8.936809,45500.0,36.47,305
46.115154,26.858967,38600.0,26.74,322
45.907314,26.951794,37800.0,26.52,324
44.947876,-10.563293,43600.0,24.77,303
44.118515,-6.023361,40400.0,62.02,201
44.297924,-24.255512,38800.0,127.07,311
43.479847,-7.952852,44200.0,40.14,286
44.145596,-4.098713,38300.0,60.22,202
43.254036,-9.118964,45100.0,36.34,294
43.068027,-8.473378,45800.0,39.72,288
43.88081,28.101723,37800.0,48.08,275
44.074638,28.466118,39200.0,44.4,279
43.094242,-8.322414,45200.0,44.57,288
43.370354,31.098299,38600.0,40.87,290
43.024895,33.549973,38000.0,50.62,256
43.202351,35.161343,40900.0,44.16,250
42.050198,-4.665785,38800.0,69.95,205
42.622787,33.735695,40400.0,51.71,247
41.182194,-5.441824,40300.0,61.59,212
40.948517,31.023443,38600.0,65.94,281
40.909092,31.591631,39000.0,63.23,281
40.311642,26.675058,38200.0,70.79,313
40.623348,31.036924,42100.0,63.47,285
37.748615,-4.273321,41700.0,71.77,224
37.826454,-4.064844,41500.0,70.29,229
39.22118,-41.053391,38900.0,44.34,252
37.460915,-4.500721,40200.0,73.12,226
35.930618,20.044487,42000.0,24.21,299
36.646053,38.377335,38200.0,26.78,308
33.924934,14.582065,38700.0,17.85,298
33.702579,14.95653,39600.0,17.12,307
32.227516,24.392403,38300.0,17.49,288
32.624928,31.679966,37700.0,25.99,304
30.86986,-27.260553,40200.0,26.4,326
29.847132,-9.272863,37700.0,50.03,216
28.743401,-11.022491,39400.0,23.16,279
25.755962,-8.508322,38300.0,44.01,244
38.404926,-4.240337,39500.0,68.86,232
56.958946,-10.674307,39800.0,17.19,193
56.934692,-8.104779,38100.0,13.11,167
56.72662,-3.943678,45300.0,20.51,183
56.767769,-3.628537,45200.0,20.5,177
56.872078,-0.458849,45600.0,23.42,195
54.577709,-4.449083,45100.0,31.85,208
54.577705,-4.353461,44600.0,33.05,207
54.578278,-4.294776,42500.0,33.15,205
54.558174,-3.210838,41000.0,36.52,198
54.032536,-2.839486,42500.0,43.2,204
53.2495,-0.932388,39100.0,93.01,208
52.526344,-6.152896,38200.0,27.68,212
53.02483,-5.652221,42900.0,28.58,212
52.436382,-6.733973,39700.0,26.82,208
52.250286,-5.891172,41000.0,33.37,215
49.89257,-2.185704,40300.0,90.01,201
48.949207,-9.680481,41900.0,34.46,235
48.590405,-8.963789,38000.0,33.13,226
49.491211,-35.456879,39200.0,141.7,274
48.747078,-7.166975,38800.0,43.55,218
49.460762,-36.147404,37700.0,133.25,273
49.373516,-36.014416,38300.0,130.27,272
47.913811,32.292164,38300.0,26.22,268
50.391678,48.852417,37900.0,86.23,237
47.398933,31.143017,39800.0,29.37,257
48.012249,39.280102,42900.0,81.68,237
46.305717,-8.654102,42900.0,22.66,299
47.786072,39.034122,39300.0,77.81,237
45.797173,-10.498569,45100.0,22.25,297
46.132065,26.86307,38500.0,26.56,317
47.580566,40.185638,37700.0,81.15,235
47.758308,40.717411,38700.0,77.65,236
45.432758,-18.867851,46000.0,58.68,311
45.363144,-10.695569,45400.0,29.73,303
46.130867,26.828556,40100.0,25.83,328
45.36628,-10.475501,42400.0,23.13,302
46.133183,26.82782,40200.0,25.74,328
45.616322,-9.943509,38400.0,27.95,308
46.135281,26.825745,40300.0,25.38,329
46.12698,26.86554,39200.0,25.45,327
46.12413,26.878178,38900.0,26.1,323
45.00832,-10.716928,46400.0,26.87,303
44.773888,-4.458069,39300.0,57.18,202
45.895905,27.014509,38500.0,27.25,323
44.695988,-4.469496,39100.0,60.63,201
43.919643,-5.977307,42200.0,66.23,201
43.93959,-5.56289,38000.0,66.24,199
43.209568,-8.517962,45100.0,37.39,289
43.247078,-7.782255,41700.0,38.71,286
43.299992,-8.73144,45300.0,36.29,290
43.142231,-8.360121,46000.0,42.92,283
44.61813,38.181107,38600.0,39.07,237
42.701611,28.625984,40200.0,47.08,289
43.830532,35.593014,38600.0,40.26,240
42.650879,28.365892,40500.0,61.62,294
42.232597,15.915447,38000.0,27.91,298
41.957703,15.823559,39200.0,26.75,292
42.571289,33.380764,39300.0,51.04,247
41.076824,-25.217705,41500.0,101.26,313
40.088055,-3.037104,37700.0,70.87,229
40.87442,31.167095,38300.0,68.25,277
40.126347,-2.954661,40700.0,71.08,228
40.912125,31.938976,38200.0,61.19,281
40.721516,31.486851,44000.0,62.7,284
39.260521,-4.190653,44700.0,65.82,230
38.586414,-3.861929,40300.0,76.87,224
39.255352,-39.23576,45000.0,38.5,268
39.193062,-41.470669,37800.0,48.06,257
37.155941,18.398167,38300.0,21.21,290
36.012722,-10.455008,40500.0,52.44,302
36.525818,29.297438,37900.0,62.08,282
34.828342,-12.468142,39700.0,56.61,308
34.698929,-19.435291,41000.0,71.1,330
34.799103,-12.446276,39100.0,55.06,305
34.853294,-12.264562,39000.0,57.79,309
34.891403,-12.006228,39100.0,55.19,312
34.652569,-12.456798,38200.0,51.44,303
34.656666,-12.421947,39600.0,55.75,306
33.944592,14.405088,38300.0,16.18,294
32.094097,24.347816,38100.0,14.74,282
31.77446,32.000607,38200.0,25.09,292
29.933079,-9.459675,38400.0,48.92,221
29.758017,-10.670238,37800.0,21.2,275
29.702436,2.227053,37700.0,22.61,252
29.725725,2.452777,38000.0,22.87,258
29.576591,1.676715,37700.0,23.41,250
29.554668,1.93823,37700.0,22.78,252
29.174128,-11.129518,38500.0,19.69,272
29.316183,2.155582,38600.0,18.71,254
28.799004,-11.264723,38700.0,23.18,280
28.974266,2.125183,39100.0,17.94,253
28.90225,0.956109,38300.0,21.16,250
28.920176,2.603401,39700.0,17.93,245
28.743172,2.058809,39300.0,20.0,250
28.569834,-11.218916,39400.0,22.11,277
25.86754,-8.266777,38100.0,45.73,239
48.007217,-8.121185,41500.0,40.21,223
34.698357,-19.476646,41300.0,70.27,330
61.061661,-1.970603,40000.0,51.71,232
57.54829,-7.717269,41200.0,12.25,173
57.359081,-0.71075,38900.0,25.18,200
56.752647,-10.698573,38600.0,16.12,186
56.987484,-1.165824,41700.0,26.2,190
56.717564,-3.978917,46500.0,20.67,183
56.453632,-10.96206,41500.0,10.39,199
56.465546,2.261091,42300.0,89.89,220
54.920177,18.334703,43500.0,69.25,301
56.047478,-30.460911,43500.0,20.0,221
55.776245,-29.961405,43000.0,20.83,226
54.963867,-11.385363,44400.0,13.52,199
54.971336,-11.359069,43500.0,14.0,191
54.615902,18.354565,41600.0,69.02,303
54.461658,18.318775,43200.0,68.05,308
53.520824,-1.822467,45200.0,45.74,205
53.139839,-4.24572,45400.0,35.23,212
53.891987,-26.50597,40500.0,32.27,278
52.501644,-5.990176,39300.0,27.49,213
52.15752,-1.441833,38100.0,96.29,205
53.327885,33.441418,38200.0,29.94,287
52.421417,-6.783429,41800.0,25.7,209
53.186756,-26.60898,43400.0,32.23,271
53.34808,30.129673,38300.0,41.69,297
49.319416,-9.383241,40900.0,33.41,234
49.373997,-7.11913,44400.0,38.75,227
49.824814,-2.073365,38300.0,88.91,202
49.102688,-2.861951,39300.0,86.36,202
49.545681,-2.066224,38000.0,88.8,201
49.007896,-9.221951,40600.0,35.84,225
48.976223,-9.006891,43400.0,35.07,224
48.996738,-8.807251,45800.0,35.03,225
49.154068,-7.119741,41600.0,35.06,225
49.00737,-2.794266,38000.0,85.56,201
49.095051,-7.15021,40900.0,34.74,223
48.977577,-2.800534,37900.0,83.92,201
49.093502,-7.14453,40800.0,34.58,222
48.809158,-7.537019,39200.0,34.21,224
48.653118,-7.663146,39200.0,34.53,221
48.900803,-7.152034,41600.0,47.89,217
49.543797,-36.171822,39300.0,140.27,273
48.522366,-7.843642,38800.0,34.07,222
49.293255,-34.801743,38100.0,133.21,276
48.599751,-7.491492,37900.0,29.65,225
48.382496,-6.970428,38400.0,44.47,212
48.38406,33.198795,41400.0,34.94,280
48.405712,33.295681,41800.0,34.2,279
49.123005,-35.840931,43700.0,125.42,272
47.965771,29.264538,39200.0,16.46,260
47.822544,29.320971,37900.0,15.43,267
48.018505,31.294687,41600.0,29.34,257
46.998215,-6.818253,42400.0,39.63,208
48.063011,39.625698,43700.0,81.64,237
48.245483,41.177124,39000.0,92.66,236
47.703373,-35.130329,39400.0,129.34,283
47.735832,37.914787,41100.0,72.73,239
48.144722,41.060623,38500.0,87.1,236
48.347958,-39.181648,41100.0,134.73,265
48.333591,-39.067017,41200.0,128.17,264
47.696892,-35.124275,39400.0,129.84,283
46.559517,-6.771708,42800.0,37.37,205
47.455875,37.409607,40100.0,75.45,236
47.58884,-34.990936,38700.0,121.49,276
47.505844,-34.501816,39800.0,122.58,287
46.033379,-9.26575,41200.0,25.47,314
47.515804,-34.872055,39900.0,120.58,276
47.527454,-34.769676,41400.0,120.98,281
46.57362,31.32341,38700.0,27.08,245
46.478313,35.042622,37800.0,67.17,225
46.172665,26.734911,43500.0,25.53,330
46.175476,26.7292,43900.0,25.21,330
46.18103,26.655815,46200.0,24.64,335
45.969082,27.09613,38200.0,25.68,322
44.909527,-10.404391,41000.0,25.52,306
44.331425,-4.467224,37900.0,62.47,200
44.793106,-10.427213,42800.0,24.42,301
44.357517,-4.369257,38400.0,63.36,203
44.331848,-4.302261,38000.0,58.99,205
43.6908,-6.145877,38100.0,67.36,201
44.120132,-9.568223,44000.0,33.21,308
43.239048,-8.220256,43200.0,41.63,282
44.055164,27.789677,37900.0,40.42,263
44.105392,28.293877,39500.0,43.47,279
43.130367,-8.464261,45500.0,41.01,283
43.712048,31.656008,43400.0,27.33,283
43.175304,-22.230261,39400.0,124.03,318
42.984264,-21.873034,38900.0,125.66,319
43.686855,32.123928,41900.0,26.44,282
43.121284,28.995583,40500.0,45.96,289
42.053761,-4.661584,38800.0,68.0,206
42.353718,-4.004142,43000.0,66.32,209
42.316795,-3.891227,41500.0,66.08,212
43.331623,30.023329,39700.0,35.48,287
42.636612,28.801912,39600.0,51.19,287
43.426632,35.49382,40500.0,42.92,250
42.062294,-21.651897,40100.0,123.8,320
42.217491,-21.477436,39500.0,126.47,320
42.701736,28.613907,40400.0,43.84,295
43.098694,29.783609,38900.0,37.87,285
43.218899,31.13291,39200.0,36.89,297
41.765945,-23.186625,41300.0,112.58,315
41.760231,-23.177055,41400.0,110.89,316
41.704372,-23.040707,39300.0,110.16,317
41.870209,-4.649398,39300.0,70.1,207
42.624752,28.823277,39800.0,50.41,290
41.599716,-21.61796,41300.0,123.51,318
41.654533,-21.61368,39200.0,119.87,320
41.904964,-21.31245,41600.0,123.94,320
41.69059,-20.796133,41800.0,125.91,319
41.731426,-4.883574,38100.0,68.11,207
41.983238,15.315235,39600.0,23.28,298
41.403496,-23.918278,39000.0,108.11,315
41.512962,-21.776384,38800.0,119.11,315
41.575851,-21.612562,41600.0,122.89,318
41.604374,-21.577988,39300.0,118.68,320
41.57579,-21.41894,39200.0,120.31,322
42.136501,33.834557,38600.0,43.56,253
43.001678,38.15958,43000.0,41.29,247
41.150234,-25.093826,41100.0,102.01,312
41.139141,-24.98632,40100.0,103.78,312
41.259598,-21.519449,39400.0,118.36,318
41.037422,-4.976566,42400.0,69.19,208
41.036774,-25.267473,42300.0,97.19,315
40.305252,-3.304905,40900.0,70.3,230
41.002956,-25.147484,41100.0,96.45,317
39.92654,-3.21842,37900.0,82.21,227
40.97221,31.811014,38300.0,65.13,275
40.787201,-24.819757,38000.0,83.61,314
39.864178,-19.216425,38600.0,134.26,322
39.670944,-3.656501,45100.0,70.2,229
39.653358,-2.806924,40000.0,81.05,225
40.233986,27.765881,39400.0,72.13,314
40.561264,29.94441,45800.0,60.2,297
40.61982,30.673796,42000.0,63.36,286
38.589935,-3.857675,40600.0,76.24,226
38.830505,-3.142903,40000.0,64.33,233
40.248268,27.309549,43200.0,74.14,316
40.226143,27.50581,43200.0,73.57,318
40.054047,27.746315,44300.0,71.45,314
38.608105,-3.599393,40700.0,71.65,226
40.624905,-40.474712,39700.0,57.46,277
39.866039,-39.301304,38000.0,57.88,283
38.641861,-19.161047,39600.0,94.58,318
39.615368,-41.492702,37800.0,43.91,258
39.53487,-41.047981,40400.0,43.29,261
36.542141,-5.094034,41300.0,51.88,230
36.479084,-5.222754,41900.0,67.57,226
36.514645,-5.111738,41100.0,62.84,228
37.137352,18.943624,38400.0,21.62,291
36.496853,-5.188652,43000.0,57.98,227
36.503754,19.396387,40500.0,27.94,288
36.766743,21.298458,38200.0,29.25,308
36.688095,20.822191,39200.0,29.99,300
37.156006,36.373631,38700.0,43.09,283
36.019161,-10.454959,41000.0,54.88,302
36.086834,18.70005,41700.0,27.54,289
37.629795,-41.112328,38500.0,34.84,269
37.150555,36.367165,39600.0,41.5,286
35.270794,-6.61469,45500.0,52.54,241
36.234928,30.18479,37900.0,59.21,281
34.912224,-12.383107,39500.0,56.9,307
36.535042,36.185307,37800.0,44.47,291
34.837704,-12.400035,39800.0,56.02,304
34.644337,-12.542924,40400.0,54.4,304
34.703098,-19.437353,41300.0,71.86,330
34.27375,-12.564635,43400.0,52.81,309
34.288757,-12.578271,43000.0,50.3,303
34.084675,-17.531347,38500.0,69.78,322
34.145275,18.500269,37900.0,26.43,285
34.091331,18.994213,37700.0,20.53,295
33.773148,12.951499,37700.0,15.52,294
33.779018,13.260916,38100.0,14.91,298
33.801945,13.546812,38000.0,16.28,285
33.77124,17.357563,38800.0,24.76,288
33.786449,17.573185,38800.0,24.43,296
33.504234,13.128063,39100.0,14.62,298
33.499184,19.804438,39300.0,20.78,282
33.248089,24.137705,38000.0,22.27,294
33.248669,24.155008,38000.0,20.86,294
33.249653,24.143255,38100.0,22.24,292
33.255295,24.143795,38000.0,24.3,285
33.222271,24.246481,38100.0,21.22,286
32.011391,24.646444,38700.0,15.53,292
32.156216,24.04142,38000.0,12.89,278
32.312496,31.41144,38500.0,22.05,291
31.982681,31.906059,38000.0,23.63,285
31.664925,28.201628,39400.0,14.58,289
31.653891,31.868307,38400.0,24.59,294
30.197779,-9.648652,38400.0,43.87,226
31.434999,32.333477,38100.0,15.59,303
30.044752,17.071323,39800.0,5.49,289
30.697786,25.135868,39300.0,15.35,292
29.787596,-9.05066,37700.0,50.05,217
30.012873,17.009592,39900.0,6.22,284
29.843077,2.640655,37900.0,20.04,260
29.857943,2.977185,38000.0,17.59,261
29.471224,-9.233248,37900.0,48.81,221
29.546152,2.275276,38300.0,20.67,253
29.569016,2.768456,38800.0,26.13,254
29.575859,3.79745,38100.0,16.71,254
29.424622,-10.775404,38000.0,22.07,279
29.406605,0.695541,38300.0,23.15,249
30.386009,-37.190121,37700.0,9.61,43
29.303417,2.577792,39200.0,20.0,252
29.153069,-10.95715,38100.0,21.78,277
29.054922,-11.10179,38400.0,22.14,281
28.964371,-9.719549,38800.0,43.76,214
28.947437,-9.628672,38700.0,44.13,214
29.014692,2.356372,39500.0,20.18,252
28.82695,-9.753619,39200.0,43.87,215
28.616062,-9.547453,38500.0,40.56,220
28.886414,1.047507,38300.0,19.58,248
28.891205,1.151178,38300.0,23.2,250
28.756363,0.670852,38800.0,21.6,246
28.722582,1.940589,39200.0,18.17,248
28.713593,-11.11236,39000.0,24.49,265
28.671644,-11.152794,39200.0,24.04,263
28.64328,-13.679548,38800.0,58.92,351
28.603319,-11.184623,39300.0,25.11,267
28.469431,-11.161102,39500.0,24.71,266
28.353468,-11.066542,39900.0,23.37,285
28.48003,0.640612,39000.0,23.82,249
28.531193,-14.045501,38700.0,62.58,352
28.487827,-13.879563,38800.0,62.12,353
28.295889,-11.483263,39300.0,22.78,276
28.424446,-14.293736,38700.0,54.48,347
28.106361,-9.788493,39500.0,47.71,218
27.47732,-23.55374,38900.0,19.32,339
26.799925,-9.430058,38900.0,35.73,240
26.780035,-12.671125,39700.0,29.11,289
26.302641,-11.604013,39400.0,33.92,267
26.421904,-9.23126,38400.0,42.28,228
26.446978,-9.172809,38100.0,41.98,229
26.272329,-11.560224,39500.0,33.23,268
26.367573,-21.510916,38800.0,25.59,338
26.048939,-8.045052,38000.0,48.78,249
26.131231,-21.812403,39600.0,21.22,331
25.904388,-8.431619,37800.0,47.55,234
25.669302,-8.468846,38400.0,44.38,236
25.674692,-8.435062,38400.0,45.16,242
25.431112,-2.526451,37800.0,37.34,256
25.302263,-8.568516,39400.0,45.02,238
37.772598,6.464395,41300.0,31.31,253
43.778675,35.019917,43700.0,45.76,240
58.761681,0.983073,43000.0,28.76,212
38.164116,6.229003,40500.0,31.86,252
41.118587,4.239814,38500.0,49.38,219
43.863697,34.844437,42100.0,42.83,234
43.366646,35.238422,43200.0,48.86,240
44.400162,34.516201,39900.0,50.44,222
43.878887,34.257378,40900.0,49.38,224
43.645782,34.794502,43100.0,44.68,236
48.366333,0.923757,42100.0,58.44,212
43.584461,34.461811,41400.0,45.31,236
44.600178,36.734531,40000.0,45.68,231
44.163509,36.491272,41200.0,44.9,235
43.524532,34.750916,43900.0,46.44,242
43.49408,34.841789,43400.0,48.18,241
43.255215,35.501526,42400.0,49.24,243
43.019497,33.979519,43200.0,52.46,245
43.211578,35.113728,44400.0,50.18,242
57.036869,-0.389054,41500.0,28.64,197
57.011017,-1.313059,39700.0,27.11,180
43.263451,35.775974,43600.0,49.04,248
48.590096,0.941952,42000.0,58.16,212
44.281269,37.176212,41100.0,37.21,241
36.937889,6.165109,44800.0,25.73,259
45.149044,-1.150937,40200.0,78.0,206
43.948742,34.656254,43300.0,43.43,234
43.204243,34.952579,44500.0,51.82,243
58.888954,0.721438,42900.0,31.21,213
57.931137,-7.370347,45000.0,20.75,192
57.96059,1.314829,39200.0,29.67,205
48.607716,0.555755,40700.0,54.4,216
35.945274,18.303576,45900.0,23.46,287
35.556683,18.257948,39700.0,22.45,280
58.358234,-6.691831,43000.0,19.81,195
55.490383,-29.034082,44500.0,21.51,237
55.232555,-28.884809,43700.0,22.0,235
53.827774,-3.556597,41600.0,32.91,206
53.994114,-4.161438,42300.0,37.87,200
45.508869,-1.329563,38100.0,81.48,204
44.753288,36.108513,39700.0,48.5,228
43.078575,35.492249,42400.0,49.75,246
42.913807,34.623268,42600.0,51.28,251
36.030411,19.47823,46500.0,24.45,295
58.641865,1.217203,37800.0,28.78,210
55.379292,-28.630802,45100.0,22.78,249
47.928894,0.740699,46100.0,58.24,213
45.252647,-4.447842,39300.0,57.56,203
35.998985,18.468861,45200.0,23.08,289
35.049843,17.25198,40300.0,24.13,287
59.034466,-4.10387,37700.0,18.93,198
57.559322,-1.504138,43400.0,34.7,183
56.950516,-0.026823,46200.0,29.59,199
56.953297,-1.768844,41100.0,28.09,166
56.883839,-1.031689,41000.0,23.86,190
56.508232,-8.195447,38600.0,14.72,164
57.183903,-30.796627,42400.0,20.44,243
53.952251,-2.979933,43000.0,37.49,200
54.649067,-28.359467,44500.0,22.83,237
53.792763,-26.263502,44600.0,29.87,270
52.326542,-6.397869,41800.0,24.83,205
52.317749,-6.513606,42300.0,24.42,201
47.2827,-8.788051,43900.0,19.72,256
45.145397,-1.115332,41300.0,74.78,208
44.758183,-4.36198,39300.0,55.61,202
44.848366,-0.960649,38700.0,70.66,207
44.770088,-0.933038,38300.0,67.82,209
43.204296,-8.343872,43000.0,43.72,281
45.1394,37.906948,42500.0,40.36,231
44.958363,36.98798,38100.0,46.86,231
44.199829,35.417881,42600.0,44.33,230
43.96693,37.072052,44600.0,37.91,251
43.590603,35.692932,42700.0,48.88,242
42.564728,28.607847,43000.0,43.68,284
43.342953,34.894123,44200.0,48.46,240
40.748466,4.96997,37800.0,45.3,221
36.235363,7.918411,42700.0,24.46,282
57.670135,0.712664,42300.0,28.1,197
57.527206,1.390377,40700.0,32.88,203
56.374199,-8.407005,38000.0,16.38,161
54.127346,-26.562391,43500.0,29.47,270
50.288387,1.495394,37900.0,65.53,211
50.057281,0.944091,40400.0,65.3,207
48.147751,0.531233,40900.0,59.43,211
44.530415,-4.10631,39400.0,52.29,205
45.26762,37.400375,39300.0,49.81,229
38.547199,6.34469,39500.0,32.16,240
38.670582,7.130017,40400.0,29.68,250
38.301662,6.320167,40100.0,31.79,252
37.930977,6.229192,39600.0,30.25,254
36.293457,7.903111,40900.0,24.48,283
35.672928,18.086546,46200.0,24.16,284
35.086121,16.893761,39300.0,25.77,283
34.977642,19.765236,40300.0,22.04,294
58.801666,-0.450389,37800.0,29.61,206
58.351345,-6.393044,43700.0,17.88,195
57.088657,-2.820832,42400.0,32.85,167
57.215282,-0.687006,40600.0,28.61,196
57.465244,0.0939,45600.0,25.83,201
58.307419,-31.429659,39100.0,16.07,257
56.620422,-29.75843,43000.0,22.5,241
56.473904,-29.431248,42400.0,23.94,241
54.320145,-1.848931,39700.0,51.65,203
53.989452,-3.840491,40800.0,38.89,207
53.908199,-2.775841,41200.0,33.4,206
53.472008,-4.832911,44400.0,30.37,197
52.593014,-5.985662,46200.0,24.25,210
53.133175,-26.396669,46500.0,29.24,260
50.244492,0.93266,39300.0,67.83,207
49.905064,1.793705,42100.0,56.46,213
49.899845,1.832546,41400.0,57.6,216
48.57048,1.750932,40500.0,67.31,209
47.13604,-8.891559,43000.0,18.06,251
47.196766,-3.927312,42100.0,34.97,218
47.248425,-9.861792,38800.0,21.63,256
46.636841,-5.57292,39900.0,38.72,215
46.268951,-4.226866,44000.0,51.43,197
46.583687,-5.458958,37800.0,36.73,212
45.646729,-4.352953,46000.0,48.1,202
45.261524,-9.374119,44200.0,30.83,313
45.216225,-9.397877,44800.0,32.0,316
45.159622,-1.279886,39000.0,78.43,206
44.949432,-4.259591,41700.0,51.3,205
44.623257,29.94594,44700.0,30.39,271
44.313206,34.423901,39200.0,52.21,224
44.301243,35.919827,40400.0,45.89,230
43.599628,28.732653,45000.0,45.39,287
43.941746,34.108631,38300.0,50.44,224
44.036072,35.754528,40600.0,45.55,236
43.611084,31.720381,44300.0,25.86,289
43.632404,31.83572,41600.0,28.5,286
43.223629,27.87001,41500.0,47.52,286
43.794296,35.987335,42800.0,47.26,241
43.035671,28.765518,40800.0,47.36,277
43.656719,36.421806,43700.0,46.3,237
43.406803,34.33865,42800.0,47.13,242
43.438206,35.92366,45700.0,48.62,243
42.535484,28.222549,45300.0,49.85,285
42.632732,34.229153,43500.0,53.35,251
40.634655,-24.716999,40400.0,61.47,303
39.719421,-3.13062,42600.0,71.76,228
38.349407,-4.116684,44700.0,79.91,226
38.387482,-3.741911,45100.0,79.85,225
36.679523,6.515019,43800.0,25.54,267
37.171032,33.322506,41700.0,39.57,278
36.275414,20.090345,38500.0,20.72,295
58.974525,0.043537,39000.0,31.17,213
58.507893,2.371366,39900.0,31.02,217
58.287052,2.172325,39000.0,31.23,215
57.895134,1.518106,41100.0,32.97,206
57.642151,-2.110684,41500.0,31.87,180
57.657375,1.262036,40700.0,31.57,202
57.406025,-0.364101,41900.0,28.43,190
56.811699,-1.172241,43100.0,23.96,193
54.17358,-1.465546,45100.0,49.57,205
50.877396,2.076839,38900.0,60.45,214
50.326653,2.607508,38500.0,60.92,217
50.068295,2.19784,38500.0,60.64,215
50.211357,2.83758,38700.0,59.53,217
50.061516,2.49124,39600.0,63.47,215
48.304188,1.988244,39200.0,68.11,209
47.954151,0.501543,40700.0,61.82,210
44.932686,-1.681163,37800.0,80.28,204
44.621704,-0.788842,39100.0,67.61,209
46.184105,33.651371,41600.0,8.43,294
45.930485,38.812309,41300.0,54.47,229
45.884621,39.836716,39800.0,59.71,229
45.696743,39.134399,41900.0,51.14,229
44.478802,30.03656,44200.0,31.77,276
44.702888,38.604362,41900.0,55.6,227
42.687305,-1.813784,39700.0,81.65,214
43.760033,31.919584,44300.0,26.89,282
43.755398,32.164631,39800.0,28.13,277
43.108974,35.585384,41100.0,48.6,249
43.292686,38.247246,41000.0,35.56,242
41.173119,4.413474,39900.0,48.55,221
41.198368,4.923957,42500.0,47.06,222
38.766689,6.481303,40200.0,37.79,248
37.878639,6.087368,44700.0,29.3,250
37.450718,16.300175,45500.0,15.24,279
37.273075,16.054293,40700.0,17.43,274
37.87286,34.616287,41300.0,34.74,280
35.82349,18.240728,44000.0,21.86,289
35.627983,17.489695,37800.0,22.81,292
35.546631,18.585676,45500.0,20.07,295
35.52177,18.833534,44500.0,19.7,294
35.562988,19.119314,38800.0,19.32,296
35.252304,17.617126,39600.0,23.75,288
